EqName	FreeStand1	FreeStand2	FreeStand3	MeleeWStand	RangeWStand	DoubleWStand	NormalWalk	FreeWalk	MeleeWWalk	RangeWWalk	DoubleWWalk	NormalRun	FreeRun	MeleeWRun	RangeWRun	DoubleWRun	FreeWound	MeleeWWound	RangeWWound	DoubleWWound	FreeDie	MeleeWDie	MeleeWDie	DoubleWDie	FreeAttack	MeleeWPuncture	MeleeWCut	RangeWPuncture	RangeWCut	DoubleWPull	DoubleWPound	DartThrow	FreeMagic	MeleeWMagic	RangeWMagic	DoubleWMagic	SitDown	JumpFly	RideStand	RideWalk	RideRun	RideCut	RidePuncture	RideMagic	RideWound	RideDie	RideStand1	RideStand2
Tay kh«ng	80,8,1	64,8,1	64,8,1	96,8,1	64,8,1	64,8,1	96,8,1	96,8,1	96,8,1	96,8,1	96,8,1	96,8,1	96,8,1	96,8,1	96,8,1	96,8,1	64,8,1	64,8,1	48,8,1	48,8,1	104,8,1	120,8,1	80,8,1	80,8,1	96,8,1	104,8,1	104,8,1	104,8,1	96,8,1	128,8,1	96,8,1	96,8,1	96,8,1	80,8,1	96,8,1	80,8,1	96,8,1	112,8,1	112,8,1	96,8,1	80,8,1	96,8,1	112,8,1	96,8,1	48,8,1	112,8,1	112,8,1	112,8,1
®¬n thñ kiƠm 1	80,8,1	64,8,1	64,8,1	96,8,1	64,8,1		96,8,1	96,8,1	96,8,1	96,8,1		96,8,1	96,8,1	96,8,1	96,8,1		64,8,1	64,8,1	48,8,1		104,8,1	120,8,1	80,8,1		96,8,1	104,8,1	104,8,1	104,8,1	96,8,1			96,8,1	96,8,1	80,8,1	96,8,1		96,8,1	112,8,1	112,8,1	96,8,1	80,8,1	96,8,1	112,8,1	96,8,1	48,8,1	112,8,1	112,8,1	112,8,1
®¬n thñ kiƠm 2	80,8,1	64,8,1	64,8,1	96,8,1	64,8,1		96,8,1	96,8,1	96,8,1	96,8,1		96,8,1	96,8,1	96,8,1	96,8,1		64,8,1	64,8,1	48,8,1		104,8,1	120,8,1	80,8,1		96,8,1	104,8,1	104,8,1	104,8,1	96,8,1			96,8,1	96,8,1	80,8,1	96,8,1		96,8,1	112,8,1	112,8,1	96,8,1	80,8,1	96,8,1	112,8,1	96,8,1	48,8,1	112,8,1	112,8,1	112,8,1
®¬n thñ kiƠm 3	80,8,1	64,8,1	64,8,1	96,8,1	64,8,1		96,8,1	96,8,1	96,8,1	96,8,1		96,8,1	96,8,1	96,8,1	96,8,1		64,8,1	64,8,1	48,8,1		104,8,1	120,8,1	80,8,1		96,8,1	104,8,1	104,8,1	104,8,1	96,8,1			96,8,1	96,8,1	80,8,1	96,8,1		96,8,1	112,8,1	112,8,1	96,8,1	80,8,1	96,8,1	112,8,1	96,8,1	48,8,1	112,8,1	112,8,1	112,8,1
®¬n thñ ®ao 1	80,8,1	64,8,1	64,8,1	96,8,1	64,8,1		96,8,1	96,8,1	96,8,1	96,8,1		96,8,1	96,8,1	96,8,1	96,8,1		64,8,1	64,8,1	48,8,1		104,8,1	120,8,1	80,8,1		96,8,1	104,8,1	104,8,1	104,8,1	96,8,1			96,8,1	96,8,1	80,8,1	96,8,1		96,8,1	112,8,1	112,8,1	96,8,1	80,8,1	96,8,1	112,8,1	96,8,1	48,8,1	112,8,1	112,8,1	112,8,1
®¬n thñ ®ao 2	80,8,1	64,8,1	64,8,1	96,8,1	64,8,1		96,8,1	96,8,1	96,8,1	96,8,1		96,8,1	96,8,1	96,8,1	96,8,1		64,8,1	64,8,1	48,8,1		104,8,1	120,8,1	80,8,1		96,8,1	104,8,1	104,8,1	104,8,1	96,8,1			96,8,1	96,8,1	80,8,1	96,8,1		96,8,1	112,8,1	112,8,1	96,8,1	80,8,1	96,8,1	112,8,1	96,8,1	48,8,1	112,8,1	112,8,1	112,8,1
®¬n thñ ®ao 3	80,8,1	64,8,1	64,8,1	96,8,1	64,8,1		96,8,1	96,8,1	96,8,1	96,8,1		96,8,1	96,8,1	96,8,1	96,8,1		64,8,1	64,8,1	48,8,1		104,8,1	120,8,1	80,8,1		96,8,1	104,8,1	104,8,1	104,8,1	96,8,1			96,8,1	96,8,1	80,8,1	96,8,1		96,8,1	112,8,1	112,8,1	96,8,1	80,8,1	96,8,1	112,8,1	96,8,1	48,8,1	112,8,1	112,8,1	112,8,1
Lo¹i tr­êng th­¬ng 1	80,8,1	64,8,1	64,8,1	96,8,1	64,8,1		96,8,1	96,8,1	96,8,1	96,8,1		96,8,1	96,8,1	96,8,1	96,8,1		64,8,1	64,8,1	48,8,1		104,8,1	120,8,1	80,8,1		96,8,1	104,8,1	104,8,1	104,8,1	96,8,1			96,8,1	96,8,1	80,8,1	96,8,1		96,8,1	112,8,1	112,8,1	96,8,1	80,8,1	96,8,1	112,8,1	96,8,1	48,8,1	112,8,1	112,8,1	112,8,1
Lo¹i tr­êng th­¬ng 2	80,8,1	64,8,1	64,8,1	96,8,1	64,8,1		96,8,1	96,8,1	96,8,1	96,8,1		96,8,1	96,8,1	96,8,1	96,8,1		64,8,1	64,8,1	48,8,1		104,8,1	120,8,1	80,8,1		96,8,1	104,8,1	104,8,1	104,8,1	96,8,1			96,8,1	96,8,1	80,8,1	96,8,1		96,8,1	112,8,1	112,8,1	96,8,1	80,8,1	96,8,1	112,8,1	96,8,1	48,8,1	112,8,1	112,8,1	112,8,1
Lo¹i tr­êng th­¬ng 3	80,8,1	64,8,1	64,8,1	96,8,1	64,8,1		96,8,1	96,8,1	96,8,1	96,8,1		96,8,1	96,8,1	96,8,1	96,8,1		64,8,1	64,8,1	48,8,1		104,8,1	120,8,1	80,8,1		96,8,1	104,8,1	104,8,1	104,8,1	96,8,1			96,8,1	96,8,1	80,8,1	96,8,1		96,8,1	112,8,1	112,8,1	96,8,1	80,8,1	96,8,1	112,8,1	96,8,1	48,8,1	112,8,1	112,8,1	112,8,1
Lo¹i tr­êng c«n 1	80,8,1	64,8,1	64,8,1	96,8,1	64,8,1		96,8,1	96,8,1	96,8,1	96,8,1		96,8,1	96,8,1	96,8,1	96,8,1		64,8,1	64,8,1	48,8,1		104,8,1	120,8,1	80,8,1		96,8,1	104,8,1	104,8,1	104,8,1	96,8,1			96,8,1	96,8,1	80,8,1	96,8,1		96,8,1	112,8,1	112,8,1	96,8,1	80,8,1	96,8,1	112,8,1	96,8,1	48,8,1	112,8,1	112,8,1	112,8,1
Lo¹i tr­êng c«n 2	80,8,1	64,8,1	64,8,1	96,8,1	64,8,1		96,8,1	96,8,1	96,8,1	96,8,1		96,8,1	96,8,1	96,8,1	96,8,1		64,8,1	64,8,1	48,8,1		104,8,1	120,8,1	80,8,1		96,8,1	104,8,1	104,8,1	104,8,1	96,8,1			96,8,1	96,8,1	80,8,1	96,8,1		96,8,1	112,8,1	112,8,1	96,8,1	80,8,1	96,8,1	112,8,1	96,8,1	48,8,1	112,8,1	112,8,1	112,8,1
Lo¹i tr­êng c«n 3	80,8,1	64,8,1	64,8,1	96,8,1	64,8,1		96,8,1	96,8,1	96,8,1	96,8,1		96,8,1	96,8,1	96,8,1	96,8,1		64,8,1	64,8,1	48,8,1		104,8,1	120,8,1	80,8,1		96,8,1	104,8,1	104,8,1	104,8,1	96,8,1			96,8,1	96,8,1	80,8,1	96,8,1		96,8,1	112,8,1	112,8,1	96,8,1	80,8,1	96,8,1	112,8,1	96,8,1	48,8,1	112,8,1	112,8,1	112,8,1
Lo¹i Song kiƠm 1	80,8,1	64,8,1	64,8,1	96,8,1	64,8,1	64,8,1	96,8,1	96,8,1	96,8,1	96,8,1	96,8,1	96,8,1	96,8,1	96,8,1	96,8,1	96,8,1	64,8,1	64,8,1	48,8,1	48,8,1	104,8,1	120,8,1	80,8,1	80,8,1	96,8,1	104,8,1	104,8,1	104,8,1	96,8,1	128,8,1	96,8,1	96,8,1	96,8,1	80,8,1	96,8,1	80,8,1	96,8,1	112,8,1	112,8,1	96,8,1	80,8,1	96,8,1	112,8,1	96,8,1	48,8,1	112,8,1	112,8,1	112,8,1
Lo¹i Song kiƠm 2	80,8,1	64,8,1	64,8,1	96,8,1	64,8,1	64,8,1	96,8,1	96,8,1	96,8,1	96,8,1	96,8,1	96,8,1	96,8,1	96,8,1	96,8,1	96,8,1	64,8,1	64,8,1	48,8,1	48,8,1	104,8,1	120,8,1	80,8,1	80,8,1	96,8,1	104,8,1	104,8,1	104,8,1	96,8,1	128,8,1	96,8,1	96,8,1	96,8,1	80,8,1	96,8,1	80,8,1	96,8,1	112,8,1	112,8,1	96,8,1	80,8,1	96,8,1	112,8,1	96,8,1	48,8,1	112,8,1	112,8,1	112,8,1
Lo¹i Song kiƠm 3	80,8,1	64,8,1	64,8,1	96,8,1	64,8,1	64,8,1	96,8,1	96,8,1	96,8,1	96,8,1	96,8,1	96,8,1	96,8,1	96,8,1	96,8,1	96,8,1	64,8,1	64,8,1	48,8,1	48,8,1	104,8,1	120,8,1	80,8,1	80,8,1	96,8,1	104,8,1	104,8,1	104,8,1	96,8,1	128,8,1	96,8,1	96,8,1	96,8,1	80,8,1	96,8,1	80,8,1	96,8,1	112,8,1	112,8,1	96,8,1	80,8,1	96,8,1	112,8,1	96,8,1	48,8,1	112,8,1	112,8,1	112,8,1
Lo¹i Song chïy 1	80,8,1	64,8,1	64,8,1	96,8,1	64,8,1	64,8,1	96,8,1	96,8,1	96,8,1	96,8,1	96,8,1	96,8,1	96,8,1	96,8,1	96,8,1	96,8,1	64,8,1	64,8,1	48,8,1	48,8,1	104,8,1	120,8,1	80,8,1	80,8,1	96,8,1	104,8,1	104,8,1	104,8,1	96,8,1	128,8,1	96,8,1	96,8,1	96,8,1	80,8,1	96,8,1	80,8,1	96,8,1	112,8,1	112,8,1	96,8,1	80,8,1	96,8,1	112,8,1	96,8,1	48,8,1	112,8,1	112,8,1	112,8,1
Lo¹i Song chïy 2	80,8,1	64,8,1	64,8,1	96,8,1	64,8,1	64,8,1	96,8,1	96,8,1	96,8,1	96,8,1	96,8,1	96,8,1	96,8,1	96,8,1	96,8,1	96,8,1	64,8,1	64,8,1	48,8,1	48,8,1	104,8,1	120,8,1	80,8,1	80,8,1	96,8,1	104,8,1	104,8,1	104,8,1	96,8,1	128,8,1	96,8,1	96,8,1	96,8,1	80,8,1	96,8,1	80,8,1	96,8,1	112,8,1	112,8,1	96,8,1	80,8,1	96,8,1	112,8,1	96,8,1	48,8,1	112,8,1	112,8,1	112,8,1
Lo¹i Song chïy 3	80,8,1	64,8,1	64,8,1	96,8,1	64,8,1	64,8,1	96,8,1	96,8,1	96,8,1	96,8,1	96,8,1	96,8,1	96,8,1	96,8,1	96,8,1	96,8,1	64,8,1	64,8,1	48,8,1	48,8,1	104,8,1	120,8,1	80,8,1	80,8,1	96,8,1	104,8,1	104,8,1	104,8,1	96,8,1	128,8,1	96,8,1	96,8,1	96,8,1	80,8,1	96,8,1	80,8,1	96,8,1	112,8,1	112,8,1	96,8,1	80,8,1	96,8,1	112,8,1	96,8,1	48,8,1	112,8,1	112,8,1	112,8,1
¸m khƯ 	80,8,1	64,8,1	64,8,1	96,8,1	64,8,1	64,8,1	96,8,1	96,8,1	96,8,1	96,8,1	96,8,1	96,8,1	96,8,1	96,8,1	96,8,1	96,8,1	64,8,1	64,8,1	48,8,1	48,8,1	104,8,1	120,8,1	80,8,1	80,8,1	96,8,1	104,8,1	104,8,1	104,8,1	96,8,1	128,8,1	96,8,1	96,8,1	96,8,1	80,8,1	96,8,1	80,8,1	96,8,1	112,8,1	112,8,1	96,8,1	80,8,1	96,8,1	112,8,1	96,8,1	48,8,1	112,8,1	112,8,1	112,8,1
®¬n thñ kiƠm 4	80,8,1	64,8,1	64,8,1	96,8,1	64,8,1		96,8,1	96,8,1	96,8,1	96,8,1	96,8,1	96,8,1	96,8,1	96,8,1	96,8,1	96,8,1	64,8,1	64,8,1	48,8,1		104,8,1	120,8,1	80,8,1		96,8,1	104,8,1	104,8,1	104,8,1	96,8,1		96,8,1	96,8,1	96,8,1	80,8,1	96,8,1		96,8,1	112,8,1	112,8,1	96,8,1	80,8,1	96,8,1	112,8,1	96,8,1	48,8,1	112,8,1	112,8,1	112,8,1
®¬n thñ kiƠm 5	80,8,1	64,8,1	64,8,1	96,8,1	64,8,1		96,8,1	96,8,1	96,8,1	96,8,1		96,8,1	96,8,1	96,8,1	96,8,1		64,8,1	64,8,1	48,8,1		104,8,1	120,8,1	80,8,1		96,8,1	104,8,1	104,8,1	104,8,1	96,8,1			96,8,1	96,8,1	80,8,1	96,8,1		96,8,1	112,8,1	112,8,1	96,8,1	80,8,1	96,8,1	112,8,1	96,8,1	48,8,1	112,8,1	112,8,1	112,8,1
®¬n thñ ®ao 4	80,8,1	64,8,1	64,8,1	96,8,1	64,8,1		96,8,1	96,8,1	96,8,1	96,8,1		96,8,1	96,8,1	96,8,1	96,8,1		64,8,1	64,8,1	48,8,1		104,8,1	120,8,1	80,8,1		96,8,1	104,8,1	104,8,1	104,8,1	96,8,1			96,8,1	96,8,1	80,8,1	96,8,1		96,8,1	112,8,1	112,8,1	96,8,1	80,8,1	96,8,1	112,8,1	96,8,1	48,8,1	112,8,1	112,8,1	112,8,1
®¬n thñ ®ao 5	80,8,1	64,8,1	64,8,1	96,8,1	64,8,1		96,8,1	96,8,1	96,8,1	96,8,1		96,8,1	96,8,1	96,8,1	96,8,1		64,8,1	64,8,1	48,8,1		104,8,1	120,8,1	80,8,1		96,8,1	104,8,1	104,8,1	104,8,1	96,8,1			96,8,1	96,8,1	80,8,1	96,8,1		96,8,1	112,8,1	112,8,1	96,8,1	80,8,1	96,8,1	112,8,1	96,8,1	48,8,1	112,8,1	112,8,1	112,8,1
Lo¹i tr­êng th­¬ng 4	80,8,1	64,8,1	64,8,1	96,8,1	64,8,1		96,8,1	96,8,1	96,8,1	96,8,1		96,8,1	96,8,1	96,8,1	96,8,1		64,8,1	64,8,1	48,8,1		104,8,1	120,8,1	80,8,1		96,8,1	104,8,1	104,8,1	104,8,1	96,8,1			96,8,1	96,8,1	80,8,1	96,8,1		96,8,1	112,8,1	112,8,1	96,8,1	80,8,1	96,8,1	112,8,1	96,8,1	48,8,1	112,8,1	112,8,1	112,8,1
Lo¹i tr­êng th­¬ng 5	80,8,1	64,8,1	64,8,1	96,8,1	64,8,1		96,8,1	96,8,1	96,8,1	96,8,1		96,8,1	96,8,1	96,8,1	96,8,1		64,8,1	64,8,1	48,8,1		104,8,1	120,8,1	80,8,1		96,8,1	104,8,1	104,8,1	104,8,1	96,8,1			96,8,1	96,8,1	80,8,1	96,8,1		96,8,1	112,8,1	112,8,1	96,8,1	80,8,1	96,8,1	112,8,1	96,8,1	48,8,1	112,8,1	112,8,1	112,8,1
Lo¹i tr­êng c«n 4	80,8,1	64,8,1	64,8,1	96,8,1	64,8,1		96,8,1	96,8,1	96,8,1	96,8,1		96,8,1	96,8,1	96,8,1	96,8,1		64,8,1	64,8,1	48,8,1		104,8,1	120,8,1	80,8,1		96,8,1	104,8,1	104,8,1	104,8,1	96,8,1			96,8,1	96,8,1	80,8,1	96,8,1		96,8,1	112,8,1	112,8,1	96,8,1	80,8,1	96,8,1	112,8,1	96,8,1	48,8,1	112,8,1	112,8,1	112,8,1
Lo¹i tr­êng c«n 5	80,8,1	64,8,1	64,8,1	96,8,1	64,8,1		96,8,1	96,8,1	96,8,1	96,8,1		96,8,1	96,8,1	96,8,1	96,8,1		64,8,1	64,8,1	48,8,1		104,8,1	120,8,1	80,8,1		96,8,1	104,8,1	104,8,1	104,8,1	96,8,1			96,8,1	96,8,1	80,8,1	96,8,1		96,8,1	112,8,1	112,8,1	96,8,1	80,8,1	96,8,1	112,8,1	96,8,1	48,8,1	112,8,1	112,8,1	112,8,1
Lo¹i Song kiƠm 4	80,8,1	64,8,1	64,8,1	96,8,1	64,8,1	64,8,1	96,8,1	96,8,1	96,8,1	96,8,1	96,8,1	96,8,1	96,8,1	96,8,1	96,8,1	96,8,1	64,8,1	64,8,1	48,8,1	48,8,1	104,8,1	120,8,1	80,8,1	80,8,1	96,8,1	104,8,1	104,8,1	104,8,1	96,8,1	128,8,1	96,8,1	96,8,1	96,8,1	80,8,1	96,8,1	80,8,1	96,8,1	112,8,1	112,8,1	96,8,1	80,8,1	96,8,1	112,8,1	96,8,1	48,8,1	112,8,1	112,8,1	112,8,1
Lo¹i Song kiƠm 5	80,8,1	64,8,1	64,8,1	96,8,1	64,8,1	64,8,1	96,8,1	96,8,1	96,8,1	96,8,1	96,8,1	96,8,1	96,8,1	96,8,1	96,8,1	96,8,1	64,8,1	64,8,1	48,8,1	48,8,1	104,8,1	120,8,1	80,8,1	80,8,1	96,8,1	104,8,1	104,8,1	104,8,1	96,8,1	128,8,1	96,8,1	96,8,1	96,8,1	80,8,1	96,8,1	80,8,1	96,8,1	112,8,1	112,8,1	96,8,1	80,8,1	96,8,1	112,8,1	96,8,1	48,8,1	112,8,1	112,8,1	112,8,1
Lo¹i Song chïy 4	80,8,1	64,8,1	64,8,1	96,8,1	64,8,1	64,8,1	96,8,1	96,8,1	96,8,1	96,8,1	96,8,1	96,8,1	96,8,1	96,8,1	96,8,1	96,8,1	64,8,1	64,8,1	48,8,1	48,8,1	104,8,1	120,8,1	80,8,1	80,8,1	96,8,1	104,8,1	104,8,1	104,8,1	96,8,1	128,8,1	96,8,1	96,8,1	96,8,1	80,8,1	96,8,1	80,8,1	96,8,1	112,8,1	112,8,1	96,8,1	80,8,1	96,8,1	112,8,1	96,8,1	48,8,1	112,8,1	112,8,1	112,8,1
Lo¹i Song chïy 5	80,8,1	64,8,1	64,8,1	96,8,1	64,8,1	64,8,1	96,8,1	96,8,1	96,8,1	96,8,1	96,8,1	96,8,1	96,8,1	96,8,1	96,8,1	96,8,1	64,8,1	64,8,1	48,8,1	48,8,1	104,8,1	120,8,1	80,8,1	80,8,1	96,8,1	104,8,1	104,8,1	104,8,1	96,8,1	128,8,1	96,8,1	96,8,1	96,8,1	80,8,1	96,8,1	80,8,1	96,8,1	112,8,1	112,8,1	96,8,1	80,8,1	96,8,1	112,8,1	96,8,1	48,8,1	112,8,1	112,8,1	112,8,1
<<Î´·­̉ë>>	80,8,1	64,8,1	64,8,1	96,8,1	64,8,1		96,8,1	96,8,1	96,8,1	96,8,1		96,8,1	96,8,1	96,8,1	96,8,1		64,8,1	64,8,1	48,8,1		104,8,1	120,8,1	80,8,1		96,8,1	104,8,1	104,8,1	104,8,1	96,8,1			96,8,1	96,8,1	80,8,1	96,8,1		96,8,1	112,8,1	112,8,1	96,8,1	80,8,1	96,8,1	112,8,1	96,8,1	48,8,1	112,8,1	112,8,1	112,8,1
<<Î´·­̉ë>>	80,8,1	64,8,1	64,8,1	96,8,1	64,8,1		96,8,1	96,8,1	96,8,1	96,8,1		96,8,1	96,8,1	96,8,1	96,8,1		64,8,1	64,8,1	48,8,1		104,8,1	120,8,1	80,8,1		96,8,1	104,8,1	104,8,1	104,8,1	96,8,1			96,8,1	96,8,1	80,8,1	96,8,1		96,8,1	112,8,1	112,8,1	96,8,1	80,8,1	96,8,1	112,8,1	96,8,1	48,8,1	112,8,1	112,8,1	112,8,1
<<Î´·­̉ë>>	80,8,1	64,8,1	64,8,1	96,8,1	64,8,1		96,8,1	96,8,1	96,8,1	96,8,1		96,8,1	96,8,1	96,8,1	96,8,1		64,8,1	64,8,1	48,8,1		104,8,1	120,8,1	80,8,1		96,8,1	104,8,1	104,8,1	104,8,1	96,8,1			96,8,1	96,8,1	80,8,1	96,8,1		96,8,1	112,8,1	112,8,1	96,8,1	80,8,1	96,8,1	112,8,1	96,8,1	48,8,1	112,8,1	112,8,1	112,8,1
<<Î´·­̉ë>>	80,8,1	64,8,1	64,8,1	96,8,1	64,8,1		96,8,1	96,8,1	96,8,1	96,8,1		96,8,1	96,8,1	96,8,1	96,8,1		64,8,1	64,8,1	48,8,1		104,8,1	120,8,1	80,8,1		96,8,1	104,8,1	104,8,1	104,8,1	96,8,1			96,8,1	96,8,1	80,8,1	96,8,1		96,8,1	112,8,1	112,8,1	96,8,1	80,8,1	96,8,1	112,8,1	96,8,1	48,8,1	112,8,1	112,8,1	112,8,1
<<Î´·­̉ë>>	80,8,1	64,8,1	64,8,1	96,8,1	64,8,1		96,8,1	96,8,1	96,8,1	96,8,1		96,8,1	96,8,1	96,8,1	96,8,1		64,8,1	64,8,1	48,8,1		104,8,1	120,8,1	80,8,1		96,8,1	104,8,1	104,8,1	104,8,1	96,8,1			96,8,1	96,8,1	80,8,1	96,8,1		96,8,1	112,8,1	112,8,1	96,8,1	80,8,1	96,8,1	112,8,1	96,8,1	48,8,1	112,8,1	112,8,1	112,8,1
<<Î´·­̉ë>>	80,8,1	64,8,1	64,8,1	96,8,1	64,8,1		96,8,1	96,8,1	96,8,1	96,8,1		96,8,1	96,8,1	96,8,1	96,8,1		64,8,1	64,8,1	48,8,1		104,8,1	120,8,1	80,8,1		96,8,1	104,8,1	104,8,1	104,8,1	96,8,1			96,8,1	96,8,1	80,8,1	96,8,1		96,8,1	112,8,1	112,8,1	96,8,1	80,8,1	96,8,1	112,8,1	96,8,1	48,8,1	112,8,1	112,8,1	112,8,1
<<Î´·­̉ë>>	80,8,1	64,8,1	64,8,1	96,8,1	64,8,1		96,8,1	96,8,1	96,8,1	96,8,1		96,8,1	96,8,1	96,8,1	96,8,1		64,8,1	64,8,1	48,8,1		104,8,1	120,8,1	80,8,1		96,8,1	104,8,1	104,8,1	104,8,1	96,8,1			96,8,1	96,8,1	80,8,1	96,8,1		96,8,1	112,8,1	112,8,1	96,8,1	80,8,1	96,8,1	112,8,1	96,8,1	48,8,1	112,8,1	112,8,1	112,8,1
<<Î´·­̉ë>>	80,8,1	64,8,1	64,8,1	96,8,1	64,8,1		96,8,1	96,8,1	96,8,1	96,8,1		96,8,1	96,8,1	96,8,1	96,8,1		64,8,1	64,8,1	48,8,1		104,8,1	120,8,1	80,8,1		96,8,1	104,8,1	104,8,1	104,8,1	96,8,1			96,8,1	96,8,1	80,8,1	96,8,1		96,8,1	112,8,1	112,8,1	96,8,1	80,8,1	96,8,1	112,8,1	96,8,1	48,8,1	112,8,1	112,8,1	112,8,1
<<Î´·­̉ë>>	80,8,1	64,8,1	64,8,1	96,8,1	64,8,1		96,8,1	96,8,1	96,8,1	96,8,1		96,8,1	96,8,1	96,8,1	96,8,1		64,8,1	64,8,1	48,8,1		104,8,1	120,8,1	80,8,1		96,8,1	104,8,1	104,8,1	104,8,1	96,8,1			96,8,1	96,8,1	80,8,1	96,8,1		96,8,1	112,8,1	112,8,1	96,8,1	80,8,1	96,8,1	112,8,1	96,8,1	48,8,1	112,8,1	112,8,1	112,8,1
<<Î´·­̉ë>>	80,8,1	64,8,1	64,8,1	96,8,1	64,8,1		96,8,1	96,8,1	96,8,1	96,8,1		96,8,1	96,8,1	96,8,1	96,8,1		64,8,1	64,8,1	48,8,1		104,8,1	120,8,1	80,8,1		96,8,1	104,8,1	104,8,1	104,8,1	96,8,1			96,8,1	96,8,1	80,8,1	96,8,1		96,8,1	112,8,1	112,8,1	96,8,1	80,8,1	96,8,1	112,8,1	96,8,1	48,8,1	112,8,1	112,8,1	112,8,1
<<Î´·­̉ë>>	80,8,1	64,8,1	64,8,1	96,8,1	64,8,1	64,8,1	96,8,1	96,8,1	96,8,1	96,8,1	96,8,1	96,8,1	96,8,1	96,8,1	96,8,1	96,8,1	64,8,1	64,8,1	48,8,1	48,8,1	104,8,1	120,8,1	80,8,1	80,8,1	96,8,1	104,8,1	104,8,1	104,8,1	96,8,1	128,8,1	96,8,1	96,8,1	96,8,1	80,8,1	96,8,1	80,8,1	96,8,1	112,8,1	112,8,1	96,8,1	80,8,1	96,8,1	112,8,1	96,8,1	48,8,1	112,8,1	112,8,1	112,8,1
<<Î´·­̉ë>>	80,8,1	64,8,1	64,8,1	96,8,1	64,8,1	64,8,1	96,8,1	96,8,1	96,8,1	96,8,1	96,8,1	96,8,1	96,8,1	96,8,1	96,8,1	96,8,1	64,8,1	64,8,1	48,8,1	48,8,1	104,8,1	120,8,1	80,8,1	80,8,1	96,8,1	104,8,1	104,8,1	104,8,1	96,8,1	128,8,1	96,8,1	96,8,1	96,8,1	80,8,1	96,8,1	80,8,1	96,8,1	112,8,1	112,8,1	96,8,1	80,8,1	96,8,1	112,8,1	96,8,1	48,8,1	112,8,1	112,8,1	112,8,1
Ë«²øÊÖ-½đ	80,8,1	64,8,1	64,8,1	96,8,1	64,8,1	64,8,1	96,8,1	96,8,1	96,8,1	96,8,1	96,8,1	96,8,1	96,8,1	96,8,1	96,8,1	96,8,1	64,8,1	64,8,1	48,8,1	48,8,1	104,8,1	120,8,1	80,8,1	80,8,1	96,8,1	104,8,1	104,8,1	104,8,1	96,8,1	128,8,1	96,8,1	96,8,1	96,8,1	80,8,1	96,8,1	80,8,1	96,8,1	112,8,1	112,8,1	96,8,1	80,8,1	96,8,1	112,8,1	96,8,1	48,8,1	112,8,1	112,8,1	112,8,1
Ë«²øÊÖ-Ë®	80,8,1	64,8,1	64,8,1	96,8,1	64,8,1	64,8,1	96,8,1	96,8,1	96,8,1	96,8,1	96,8,1	96,8,1	96,8,1	96,8,1	96,8,1	96,8,1	64,8,1	64,8,1	48,8,1	48,8,1	104,8,1	120,8,1	80,8,1	80,8,1	96,8,1	104,8,1	104,8,1	104,8,1	96,8,1	128,8,1	96,8,1	96,8,1	96,8,1	80,8,1	96,8,1	80,8,1	96,8,1	112,8,1	112,8,1	96,8,1	80,8,1	96,8,1	112,8,1	96,8,1	48,8,1	112,8,1	112,8,1	112,8,1
Ë«²øÊÖ-Ä¾	80,8,1	64,8,1	64,8,1	96,8,1	64,8,1	64,8,1	96,8,1	96,8,1	96,8,1	96,8,1	96,8,1	96,8,1	96,8,1	96,8,1	96,8,1	96,8,1	64,8,1	64,8,1	48,8,1	48,8,1	104,8,1	120,8,1	80,8,1	80,8,1	96,8,1	104,8,1	104,8,1	104,8,1	96,8,1	128,8,1	96,8,1	96,8,1	96,8,1	80,8,1	96,8,1	80,8,1	96,8,1	112,8,1	112,8,1	96,8,1	80,8,1	96,8,1	112,8,1	96,8,1	48,8,1	112,8,1	112,8,1	112,8,1
Ë«²øÊÖ-»đ	80,8,1	64,8,1	64,8,1	96,8,1	64,8,1	64,8,1	96,8,1	96,8,1	96,8,1	96,8,1	96,8,1	96,8,1	96,8,1	96,8,1	96,8,1	96,8,1	64,8,1	64,8,1	48,8,1	48,8,1	104,8,1	120,8,1	80,8,1	80,8,1	96,8,1	104,8,1	104,8,1	104,8,1	96,8,1	128,8,1	96,8,1	96,8,1	96,8,1	80,8,1	96,8,1	80,8,1	96,8,1	112,8,1	112,8,1	96,8,1	80,8,1	96,8,1	112,8,1	96,8,1	48,8,1	112,8,1	112,8,1	112,8,1
³¤¹÷-½đ¹÷	80,8,1	64,8,1	64,8,1		64,8,1		96,8,1	96,8,1		96,8,1		96,8,1	96,8,1		96,8,1		64,8,1		48,8,1		104,8,1		80,8,1		96,8,1			104,8,1	96,8,1				96,8,1		96,8,1		96,8,1	112,8,1	112,8,1	96,8,1	80,8,1	96,8,1	112,8,1	96,8,1	48,8,1	112,8,1	112,8,1	112,8,1
³¤¹÷-»đ¹÷	80,8,1	64,8,1	64,8,1		64,8,1		96,8,1	96,8,1		96,8,1		96,8,1	96,8,1		96,8,1		64,8,1		48,8,1		104,8,1		80,8,1		96,8,1			104,8,1	96,8,1				96,8,1		96,8,1		96,8,1	112,8,1	112,8,1	96,8,1	80,8,1	96,8,1	112,8,1	96,8,1	48,8,1	112,8,1	112,8,1	112,8,1
³¤Ç¹-½đÇ¹	80,8,1	64,8,1	64,8,1		64,8,1		96,8,1	96,8,1		96,8,1		96,8,1	96,8,1		96,8,1		64,8,1		48,8,1		104,8,1		80,8,1		96,8,1			104,8,1	96,8,1				96,8,1		96,8,1		96,8,1	112,8,1	112,8,1	96,8,1	80,8,1	96,8,1	112,8,1	96,8,1	48,8,1	112,8,1	112,8,1	112,8,1
³¤Ç¹-»đÇ¹	80,8,1	64,8,1	64,8,1		64,8,1		96,8,1	96,8,1		96,8,1		96,8,1	96,8,1		96,8,1		64,8,1		48,8,1		104,8,1		80,8,1		96,8,1			104,8,1	96,8,1				96,8,1		96,8,1		96,8,1	112,8,1	112,8,1	96,8,1	80,8,1	96,8,1	112,8,1	96,8,1	48,8,1	112,8,1	112,8,1	112,8,1
µ¥ÊÖµ¶-½đ	80,8,1	64,8,1	64,8,1	96,8,1			96,8,1	96,8,1	96,8,1			96,8,1	96,8,1	96,8,1			64,8,1	64,8,1			104,8,1	120,8,1			96,8,1	104,8,1	104,8,1						96,8,1	80,8,1			96,8,1	112,8,1	112,8,1	96,8,1	80,8,1	96,8,1	112,8,1	96,8,1	48,8,1	112,8,1	112,8,1	112,8,1
µ¥ÊÖµ¶-Ä¾	80,8,1	64,8,1	64,8,1	96,8,1			96,8,1	96,8,1	96,8,1			96,8,1	96,8,1	96,8,1			64,8,1	64,8,1			104,8,1	120,8,1			96,8,1	104,8,1	104,8,1						96,8,1	80,8,1			96,8,1	112,8,1	112,8,1	96,8,1	80,8,1	96,8,1	112,8,1	96,8,1	48,8,1	112,8,1	112,8,1	112,8,1
µ¥ÊÖµ¶-Ë®	80,8,1	64,8,1	64,8,1	96,8,1			96,8,1	96,8,1	96,8,1			96,8,1	96,8,1	96,8,1			64,8,1	64,8,1			104,8,1	120,8,1			96,8,1	104,8,1	104,8,1						96,8,1	80,8,1			96,8,1	112,8,1	112,8,1	96,8,1	80,8,1	96,8,1	112,8,1	96,8,1	48,8,1	112,8,1	112,8,1	112,8,1
µ¥ÊÖ»đµ¶-»đ	80,8,1	64,8,1	64,8,1	96,8,1			96,8,1	96,8,1	96,8,1			96,8,1	96,8,1	96,8,1			64,8,1	64,8,1			104,8,1	120,8,1			96,8,1	104,8,1	104,8,1						96,8,1	80,8,1			96,8,1	112,8,1	112,8,1	96,8,1	80,8,1	96,8,1	112,8,1	96,8,1	48,8,1	112,8,1	112,8,1	112,8,1
µ¥ÊÖµ¶-À×	80,8,1	64,8,1	64,8,1	96,8,1			96,8,1	96,8,1	96,8,1			96,8,1	96,8,1	96,8,1			64,8,1	64,8,1			104,8,1	120,8,1			96,8,1	104,8,1	104,8,1						96,8,1	80,8,1			96,8,1	112,8,1	112,8,1	96,8,1	80,8,1	96,8,1	112,8,1	96,8,1	48,8,1	112,8,1	112,8,1	112,8,1
µ¥ÊÖ½£-Ë®	80,8,1	64,8,1	64,8,1	96,8,1			96,8,1	96,8,1	96,8,1			96,8,1	96,8,1	96,8,1			64,8,1	64,8,1			104,8,1	120,8,1			96,8,1	104,8,1	104,8,1						96,8,1	80,8,1			96,8,1	112,8,1	112,8,1	96,8,1	80,8,1	96,8,1	112,8,1	96,8,1	48,8,1	112,8,1	112,8,1	112,8,1
µ¥ÊÖ½£-À×	80,8,1	64,8,1	64,8,1	96,8,1			96,8,1	96,8,1	96,8,1			96,8,1	96,8,1	96,8,1			64,8,1	64,8,1			104,8,1	120,8,1			96,8,1	104,8,1	104,8,1						96,8,1	80,8,1			96,8,1	112,8,1	112,8,1	96,8,1	80,8,1	96,8,1	112,8,1	96,8,1	48,8,1	112,8,1	112,8,1	112,8,1
µ¥ÊÖÀ×½£-À×	80,8,1	64,8,1	64,8,1	96,8,1			96,8,1	96,8,1	96,8,1			96,8,1	96,8,1	96,8,1			64,8,1	64,8,1			104,8,1	120,8,1			96,8,1	104,8,1	104,8,1						96,8,1	80,8,1			96,8,1	112,8,1	112,8,1	96,8,1	80,8,1	96,8,1	112,8,1	96,8,1	48,8,1	112,8,1	112,8,1	112,8,1
Ë«´¸-½đ	80,8,1	64,8,1	64,8,1			64,8,1	96,8,1	96,8,1			96,8,1	96,8,1	96,8,1			96,8,1	64,8,1			48,8,1	104,8,1			80,8,1	96,8,1					128,8,1	96,8,1		96,8,1			80,8,1	96,8,1	112,8,1	112,8,1	96,8,1	80,8,1	96,8,1	112,8,1	96,8,1	48,8,1	112,8,1	112,8,1	112,8,1
Ë«µ¶-Ë®	80,8,1	64,8,1	64,8,1			64,8,1	96,8,1	96,8,1			96,8,1	96,8,1	96,8,1			96,8,1	64,8,1			48,8,1	104,8,1			80,8,1	96,8,1					128,8,1	96,8,1		96,8,1			80,8,1	96,8,1	112,8,1	112,8,1	96,8,1	80,8,1	96,8,1	112,8,1	96,8,1	48,8,1	112,8,1	112,8,1	112,8,1
µ¥ÊÖµ¶-·¢¹â1	80,8,1	64,8,1	64,8,1	96,8,1			96,8,1	96,8,1	96,8,1			96,8,1	96,8,1	96,8,1			64,8,1	64,8,1			104,8,1	120,8,1			96,8,1	104,8,1	104,8,1						96,8,1	80,8,1			96,8,1	112,8,1	112,8,1	96,8,1	80,8,1	96,8,1	112,8,1	96,8,1	48,8,1	112,8,1	112,8,1	112,8,1
µ¥ÊÖ½£-·¢¹â1	80,8,1	64,8,1	64,8,1	96,8,1			96,8,1	96,8,1	96,8,1			96,8,1	96,8,1	96,8,1			64,8,1	64,8,1			104,8,1	120,8,1			96,8,1	104,8,1	104,8,1						96,8,1	80,8,1			96,8,1	112,8,1	112,8,1	96,8,1	80,8,1	96,8,1	112,8,1	96,8,1	48,8,1	112,8,1	112,8,1	112,8,1
µ¥ÊÖ»đµ¶-·¢¹â1	80,8,1	64,8,1	64,8,1	96,8,1			96,8,1	96,8,1	96,8,1			96,8,1	96,8,1	96,8,1			64,8,1	64,8,1			104,8,1	120,8,1			96,8,1	104,8,1	104,8,1						96,8,1	80,8,1			96,8,1	112,8,1	112,8,1	96,8,1	80,8,1	96,8,1	112,8,1	96,8,1	48,8,1	112,8,1	112,8,1	112,8,1
µ¥ÊÖÀ×½£-·¢¹â1	80,8,1	64,8,1	64,8,1	96,8,1			96,8,1	96,8,1	96,8,1			96,8,1	96,8,1	96,8,1			64,8,1	64,8,1			104,8,1	120,8,1			96,8,1	104,8,1	104,8,1						96,8,1	80,8,1			96,8,1	112,8,1	112,8,1	96,8,1	80,8,1	96,8,1	112,8,1	96,8,1	48,8,1	112,8,1	112,8,1	112,8,1
³¤¹÷-·¢¹â1	80,8,1	64,8,1	64,8,1		64,8,1		96,8,1	96,8,1		96,8,1		96,8,1	96,8,1		96,8,1		64,8,1		48,8,1		104,8,1		80,8,1		96,8,1			104,8,1	96,8,1				96,8,1		96,8,1		96,8,1	112,8,1	112,8,1	96,8,1	80,8,1	96,8,1	112,8,1	96,8,1	48,8,1	112,8,1	112,8,1	112,8,1
³¤Ç¹-·¢¹â1	80,8,1	64,8,1	64,8,1		64,8,1		96,8,1	96,8,1		96,8,1		96,8,1	96,8,1		96,8,1		64,8,1		48,8,1		104,8,1		80,8,1		96,8,1			104,8,1	96,8,1				96,8,1		96,8,1		96,8,1	112,8,1	112,8,1	96,8,1	80,8,1	96,8,1	112,8,1	96,8,1	48,8,1	112,8,1	112,8,1	112,8,1
Ë«´¸-·¢¹â1	80,8,1	64,8,1	64,8,1			64,8,1	96,8,1	96,8,1			96,8,1	96,8,1	96,8,1			96,8,1	64,8,1			48,8,1	104,8,1			80,8,1	96,8,1					128,8,1	96,8,1		96,8,1			80,8,1	96,8,1	112,8,1	112,8,1	96,8,1	80,8,1	96,8,1	112,8,1	96,8,1	48,8,1	112,8,1	112,8,1	112,8,1
Ë«µ¶-·¢¹â1	80,8,1	64,8,1	64,8,1			64,8,1	96,8,1	96,8,1			96,8,1	96,8,1	96,8,1			96,8,1	64,8,1			48,8,1	104,8,1			80,8,1	96,8,1					128,8,1	96,8,1		96,8,1			80,8,1	96,8,1	112,8,1	112,8,1	96,8,1	80,8,1	96,8,1	112,8,1	96,8,1	48,8,1	112,8,1	112,8,1	112,8,1
Ë«²øÊÖ-·¢¹â1	80,8,1	64,8,1	64,8,1	96,8,1	64,8,1	64,8,1	96,8,1	96,8,1	96,8,1	96,8,1	96,8,1	96,8,1	96,8,1	96,8,1	96,8,1	96,8,1	64,8,1	64,8,1	48,8,1	48,8,1	104,8,1	120,8,1	80,8,1	80,8,1	96,8,1	104,8,1	104,8,1	104,8,1	96,8,1	128,8,1	96,8,1	96,8,1	96,8,1	80,8,1	96,8,1	80,8,1	96,8,1	112,8,1	112,8,1	96,8,1	80,8,1	96,8,1	112,8,1	96,8,1	48,8,1	112,8,1	112,8,1	112,8,1
Ë«×¦-·¢¹â1	80,8,1	64,8,1	64,8,1	96,8,1	64,8,1	64,8,1	96,8,1	96,8,1	96,8,1	96,8,1	96,8,1	96,8,1	96,8,1	96,8,1	96,8,1	96,8,1	64,8,1	64,8,1	48,8,1	48,8,1	104,8,1	120,8,1	80,8,1	80,8,1	96,8,1	104,8,1	104,8,1	104,8,1	96,8,1	128,8,1	96,8,1	96,8,1	96,8,1	80,8,1	96,8,1	80,8,1	96,8,1	112,8,1	112,8,1	96,8,1	80,8,1	96,8,1	112,8,1	96,8,1	48,8,1	112,8,1	112,8,1	112,8,1
¿ƠÊÖ-·¢¹â1	80,8,1	64,8,1	64,8,1	96,8,1	64,8,1	64,8,1	96,8,1	96,8,1	96,8,1	96,8,1	96,8,1	96,8,1	96,8,1	96,8,1	96,8,1	96,8,1	64,8,1	64,8,1	48,8,1	48,8,1	104,8,1	120,8,1	80,8,1	80,8,1	96,8,1	104,8,1	104,8,1	104,8,1	96,8,1	128,8,1	96,8,1	96,8,1	96,8,1	80,8,1	96,8,1	80,8,1	96,8,1	112,8,1	112,8,1	96,8,1	80,8,1	96,8,1	112,8,1	96,8,1	48,8,1	112,8,1	112,8,1	112,8,1
µ¥ÊÖµ¶-·¢¹â2	80,8,1	64,8,1	64,8,1	96,8,1			96,8,1	96,8,1	96,8,1			96,8,1	96,8,1	96,8,1			64,8,1	64,8,1			104,8,1	120,8,1			96,8,1	104,8,1	104,8,1						96,8,1	80,8,1			96,8,1	112,8,1	112,8,1	96,8,1	80,8,1	96,8,1	112,8,1	96,8,1	48,8,1	112,8,1	112,8,1	112,8,1
µ¥ÊÖ½£-·¢¹â2	80,8,1	64,8,1	64,8,1	96,8,1			96,8,1	96,8,1	96,8,1			96,8,1	96,8,1	96,8,1			64,8,1	64,8,1			104,8,1	120,8,1			96,8,1	104,8,1	104,8,1						96,8,1	80,8,1			96,8,1	112,8,1	112,8,1	96,8,1	80,8,1	96,8,1	112,8,1	96,8,1	48,8,1	112,8,1	112,8,1	112,8,1
µ¥ÊÖ»đµ¶-·¢¹â2	80,8,1	64,8,1	64,8,1	96,8,1			96,8,1	96,8,1	96,8,1			96,8,1	96,8,1	96,8,1			64,8,1	64,8,1			104,8,1	120,8,1			96,8,1	104,8,1	104,8,1						96,8,1	80,8,1			96,8,1	112,8,1	112,8,1	96,8,1	80,8,1	96,8,1	112,8,1	96,8,1	48,8,1	112,8,1	112,8,1	112,8,1
µ¥ÊÖÀ×½£-·¢¹â2	80,8,1	64,8,1	64,8,1	96,8,1			96,8,1	96,8,1	96,8,1			96,8,1	96,8,1	96,8,1			64,8,1	64,8,1			104,8,1	120,8,1			96,8,1	104,8,1	104,8,1						96,8,1	80,8,1			96,8,1	112,8,1	112,8,1	96,8,1	80,8,1	96,8,1	112,8,1	96,8,1	48,8,1	112,8,1	112,8,1	112,8,1
³¤¹÷-·¢¹â2	80,8,1	64,8,1	64,8,1		64,8,1		96,8,1	96,8,1		96,8,1		96,8,1	96,8,1		96,8,1		64,8,1		48,8,1		104,8,1		80,8,1		96,8,1			104,8,1	96,8,1				96,8,1		96,8,1		96,8,1	112,8,1	112,8,1	96,8,1	80,8,1	96,8,1	112,8,1	96,8,1	48,8,1	112,8,1	112,8,1	112,8,1
³¤Ç¹-·¢¹â2	80,8,1	64,8,1	64,8,1		64,8,1		96,8,1	96,8,1		96,8,1		96,8,1	96,8,1		96,8,1		64,8,1		48,8,1		104,8,1		80,8,1		96,8,1			104,8,1	96,8,1				96,8,1		96,8,1		96,8,1	112,8,1	112,8,1	96,8,1	80,8,1	96,8,1	112,8,1	96,8,1	48,8,1	112,8,1	112,8,1	112,8,1
Ë«´¸-·¢¹â2	80,8,1	64,8,1	64,8,1			64,8,1	96,8,1	96,8,1			96,8,1	96,8,1	96,8,1			96,8,1	64,8,1			48,8,1	104,8,1			80,8,1	96,8,1					128,8,1	96,8,1		96,8,1			80,8,1	96,8,1	112,8,1	112,8,1	96,8,1	80,8,1	96,8,1	112,8,1	96,8,1	48,8,1	112,8,1	112,8,1	112,8,1
Ë«µ¶-·¢¹â2	80,8,1	64,8,1	64,8,1			64,8,1	96,8,1	96,8,1			96,8,1	96,8,1	96,8,1			96,8,1	64,8,1			48,8,1	104,8,1			80,8,1	96,8,1					128,8,1	96,8,1		96,8,1			80,8,1	96,8,1	112,8,1	112,8,1	96,8,1	80,8,1	96,8,1	112,8,1	96,8,1	48,8,1	112,8,1	112,8,1	112,8,1
Ë«²øÊÖ-·¢¹â2	80,8,1	64,8,1	64,8,1	96,8,1	64,8,1	64,8,1	96,8,1	96,8,1	96,8,1	96,8,1	96,8,1	96,8,1	96,8,1	96,8,1	96,8,1	96,8,1	64,8,1	64,8,1	48,8,1	48,8,1	104,8,1	120,8,1	80,8,1	80,8,1	96,8,1	104,8,1	104,8,1	104,8,1	96,8,1	128,8,1	96,8,1	96,8,1	96,8,1	80,8,1	96,8,1	80,8,1	96,8,1	112,8,1	112,8,1	96,8,1	80,8,1	96,8,1	112,8,1	96,8,1	48,8,1	112,8,1	112,8,1	112,8,1
Ë«×¦-·¢¹â2	80,8,1	64,8,1	64,8,1	96,8,1	64,8,1	64,8,1	96,8,1	96,8,1	96,8,1	96,8,1	96,8,1	96,8,1	96,8,1	96,8,1	96,8,1	96,8,1	64,8,1	64,8,1	48,8,1	48,8,1	104,8,1	120,8,1	80,8,1	80,8,1	96,8,1	104,8,1	104,8,1	104,8,1	96,8,1	128,8,1	96,8,1	96,8,1	96,8,1	80,8,1	96,8,1	80,8,1	96,8,1	112,8,1	112,8,1	96,8,1	80,8,1	96,8,1	112,8,1	96,8,1	48,8,1	112,8,1	112,8,1	112,8,1
¿ƠÊÖ-·¢¹â2	80,8,1	64,8,1	64,8,1	96,8,1	64,8,1	64,8,1	96,8,1	96,8,1	96,8,1	96,8,1	96,8,1	96,8,1	96,8,1	96,8,1	96,8,1	96,8,1	64,8,1	64,8,1	48,8,1	48,8,1	104,8,1	120,8,1	80,8,1	80,8,1	96,8,1	104,8,1	104,8,1	104,8,1	96,8,1	128,8,1	96,8,1	96,8,1	96,8,1	80,8,1	96,8,1	80,8,1	96,8,1	112,8,1	112,8,1	96,8,1	80,8,1	96,8,1	112,8,1	96,8,1	48,8,1	112,8,1	112,8,1	112,8,1
Minh Ph­îng Quy Y Trỉn Thñ																																																
Minh Ph­îng Cùc L¹c T¨ng C«n																																																
Minh Ph­îng H­ Kh«ng Giíi §ao																																																
Minh Ph­îng ChiƠn ThÇn Chïy	80,8,1	64,8,1	64,8,1	96,8,1		64,8,1	96,8,1	96,8,1			88,8,1	96,8,1	96,8,1			96,8,1	64,8,1			48,8,1	104,8,1			80,8,1	96,8,1					128,8,1	96,8,1		96,8,1			80,8,1	96,8,1	112,8,1	112,8,1	96,8,1	80,8,1	96,8,1	112,8,1	96,8,1	48,8,1	112,8,1	112,8,1	112,8,1
Minh Ph­îng Anh Hïng Th­¬ng	80,8,1	64,8,1	64,8,1	96,8,1	64,8,1		96,8,1	96,8,1	96,8,1	96,8,1		96,8,1	96,8,1	96,8,1	96,8,1		64,8,1	64,8,1	48,8,1		104,8,1	120,8,1	80,8,1		96,8,1	104,8,1	104,8,1	104,8,1	96,8,1			96,8,1	96,8,1	80,8,1	96,8,1		96,8,1	112,8,1	112,8,1	96,8,1	80,8,1	96,8,1	112,8,1	96,8,1	48,8,1	112,8,1	112,8,1	112,8,1
Minh Ph­îng B¸ V­¬ng B¶o §ao	80,8,1	64,8,1	64,8,1	96,8,1			96,8,1	96,8,1	96,8,1			96,8,1	96,8,1	96,8,1			64,8,1	64,8,1			104,8,1	120,8,1			96,8,1	104,8,1	104,8,1					96,8,1	96,8,1	80,8,1			96,8,1	112,8,1	112,8,1	96,8,1	80,8,1	96,8,1	112,8,1	96,8,1	48,8,1	112,8,1	112,8,1	112,8,1
Minh Ph­îng T¶n Hoa Tr­êng KiƠm	80,8,1	64,8,1	64,8,1	96,8,1			96,8,1	96,8,1	96,8,1			96,8,1	96,8,1	96,8,1			64,8,1	64,8,1			104,8,1	120,8,1			96,8,1	104,8,1	104,8,1					96,8,1	96,8,1	80,8,1			96,8,1	112,8,1	112,8,1	96,8,1	80,8,1	96,8,1	112,8,1	96,8,1	48,8,1	112,8,1	112,8,1	112,8,1
Minh Ph­îng L¨ng Tiªu Trỉn Thñ	80,8,1	64,8,1	64,8,1	96,8,1	64,8,1	64,8,1	96,8,1	96,8,1	96,8,1	96,8,1	96,8,1	96,8,1	96,8,1	96,8,1	96,8,1	96,8,1	64,8,1	64,8,1	48,8,1	48,8,1	104,8,1	120,8,1	80,8,1	80,8,1	96,8,1	104,8,1	104,8,1	104,8,1	96,8,1	128,8,1	96,8,1	96,8,1	96,8,1	80,8,1	96,8,1	80,8,1	96,8,1	112,8,1	112,8,1	96,8,1	80,8,1	96,8,1	112,8,1	96,8,1	48,8,1	112,8,1	112,8,1	112,8,1
Minh Ph­îng V¹n Hoa B¶o §ao	80,8,1	64,8,1	64,8,1	96,8,1			96,8,1	96,8,1	96,8,1			96,8,1	96,8,1	96,8,1			64,8,1	64,8,1			104,8,1	120,8,1			96,8,1	104,8,1	104,8,1					96,8,1	96,8,1	80,8,1			96,8,1	112,8,1	112,8,1	96,8,1	80,8,1	96,8,1	112,8,1	96,8,1	48,8,1	112,8,1	112,8,1	112,8,1
Minh Ph­îng Ph­¬ng Hoa Song §ao	80,8,1	64,8,1	64,8,1			64,8,1	96,8,1	96,8,1			88,8,1	96,8,1	96,8,1			96,8,1	64,8,1			48,8,1	104,8,1			80,8,1	96,8,1					128,8,1	96,8,1		96,8,1			80,8,1	96,8,1	112,8,1	112,8,1	96,8,1	80,8,1	96,8,1	112,8,1	96,8,1	48,8,1	112,8,1	112,8,1	112,8,1
Minh Ph­îng Diªm La Trỉn Thñ	80,8,1	64,8,1	64,8,1	96,8,1	64,8,1	64,8,1	96,8,1	96,8,1	96,8,1	96,8,1	96,8,1	96,8,1	96,8,1	96,8,1	96,8,1	96,8,1	64,8,1	64,8,1	48,8,1	48,8,1	104,8,1	120,8,1	80,8,1	80,8,1	96,8,1	104,8,1	104,8,1	104,8,1	96,8,1	128,8,1	96,8,1	96,8,1	96,8,1	80,8,1	96,8,1	80,8,1	96,8,1	112,8,1	112,8,1	96,8,1	80,8,1	96,8,1	112,8,1	96,8,1	48,8,1	112,8,1	112,8,1	112,8,1
Minh Ph­îng Minh V­¬ng B¶o §ao	80,8,1	64,8,1	64,8,1	96,8,1			96,8,1	96,8,1	96,8,1			96,8,1	96,8,1	96,8,1			64,8,1	64,8,1			104,8,1	120,8,1			96,8,1	104,8,1	104,8,1					96,8,1	96,8,1	80,8,1			96,8,1	112,8,1	112,8,1	96,8,1	80,8,1	96,8,1	112,8,1	96,8,1	48,8,1	112,8,1	112,8,1	112,8,1
Minh Ph­îng LiÔm DiÖm Phi §ao	80,8,1	64,8,1	64,8,1	96,8,1	64,8,1	64,8,1	96,8,1	96,8,1	96,8,1	96,8,1	96,8,1	96,8,1	96,8,1	96,8,1	96,8,1	96,8,1	64,8,1	64,8,1	48,8,1	48,8,1	104,8,1	120,8,1	80,8,1	80,8,1	96,8,1	104,8,1	104,8,1	104,8,1	96,8,1	128,8,1	96,8,1	96,8,1	96,8,1	80,8,1	96,8,1	80,8,1	96,8,1	112,8,1	112,8,1	96,8,1	80,8,1	96,8,1	112,8,1	96,8,1	48,8,1	112,8,1	112,8,1	112,8,1
Minh Ph­îng Thiªn Hoang Tô TiÔn	80,8,1	64,8,1	64,8,1	96,8,1	64,8,1	64,8,1	96,8,1	96,8,1	96,8,1	96,8,1	96,8,1	96,8,1	96,8,1	96,8,1	96,8,1	96,8,1	64,8,1	64,8,1	48,8,1	48,8,1	104,8,1	120,8,1	80,8,1	80,8,1	96,8,1	104,8,1	104,8,1	104,8,1	96,8,1	128,8,1	96,8,1	96,8,1	96,8,1	80,8,1	96,8,1	80,8,1	96,8,1	112,8,1	112,8,1	96,8,1	80,8,1	96,8,1	112,8,1	96,8,1	48,8,1	112,8,1	112,8,1	112,8,1
Minh Ph­îng Thiªn Kiªu Phi Tiªu	80,8,1	64,8,1	64,8,1	96,8,1	64,8,1	64,8,1	96,8,1	96,8,1	96,8,1	96,8,1	96,8,1	96,8,1	96,8,1	96,8,1	96,8,1	96,8,1	64,8,1	64,8,1	48,8,1	48,8,1	104,8,1	120,8,1	80,8,1	80,8,1	96,8,1	104,8,1	104,8,1	104,8,1	96,8,1	128,8,1	96,8,1	96,8,1	96,8,1	80,8,1	96,8,1	80,8,1	96,8,1	112,8,1	112,8,1	96,8,1	80,8,1	96,8,1	112,8,1	96,8,1	48,8,1	112,8,1	112,8,1	112,8,1
Minh Ph­îng ThiƠt HuyƠt Trỉn Thñ	80,8,1	64,8,1	64,8,1	96,8,1	64,8,1	64,8,1	96,8,1	96,8,1	96,8,1	96,8,1	96,8,1	96,8,1	96,8,1	96,8,1	96,8,1	96,8,1	64,8,1	64,8,1	48,8,1	48,8,1	104,8,1	120,8,1	80,8,1	80,8,1	96,8,1	104,8,1	104,8,1	104,8,1	96,8,1	128,8,1	96,8,1	96,8,1	96,8,1	80,8,1	96,8,1	80,8,1	96,8,1	112,8,1	112,8,1	96,8,1	80,8,1	96,8,1	112,8,1	96,8,1	48,8,1	112,8,1	112,8,1	112,8,1
Minh Ph­îng Quang Phôc Tr­îng	80,8,1	64,8,1	64,8,1	96,8,1	64,8,1		96,8,1	96,8,1	96,8,1	96,8,1		96,8,1	96,8,1	96,8,1	96,8,1		64,8,1	64,8,1	48,8,1		104,8,1	120,8,1	80,8,1		96,8,1	104,8,1	104,8,1	104,8,1	96,8,1			96,8,1	96,8,1	80,8,1	96,8,1		96,8,1	112,8,1	112,8,1	96,8,1	80,8,1	96,8,1	112,8,1	96,8,1	48,8,1	112,8,1	112,8,1	112,8,1
Minh Ph­îng Dôc NhËt Th­¬ng	80,8,1	64,8,1	64,8,1	96,8,1	64,8,1		96,8,1	96,8,1	96,8,1	96,8,1		96,8,1	96,8,1	96,8,1	96,8,1		64,8,1	64,8,1	48,8,1		104,8,1	120,8,1	80,8,1		96,8,1	104,8,1	104,8,1	104,8,1	96,8,1			96,8,1	96,8,1	80,8,1	96,8,1		96,8,1	112,8,1	112,8,1	96,8,1	80,8,1	96,8,1	112,8,1	96,8,1	48,8,1	112,8,1	112,8,1	112,8,1
Minh Ph­îng SƯ §̃a §ao	80,8,1	64,8,1	64,8,1	96,8,1			96,8,1	96,8,1	96,8,1			96,8,1	96,8,1	96,8,1			64,8,1	64,8,1			104,8,1	120,8,1			96,8,1	104,8,1	104,8,1					96,8,1	96,8,1	80,8,1			96,8,1	112,8,1	112,8,1	96,8,1	80,8,1	96,8,1	112,8,1	96,8,1	48,8,1	112,8,1	112,8,1	112,8,1
Minh Ph­îng Kh«ng Minh KiƠm	80,8,1	64,8,1	64,8,1	96,8,1			96,8,1	96,8,1	96,8,1			96,8,1	96,8,1	96,8,1			64,8,1	64,8,1			104,8,1	120,8,1			96,8,1	104,8,1	104,8,1					96,8,1	96,8,1	80,8,1			96,8,1	112,8,1	112,8,1	96,8,1	80,8,1	96,8,1	112,8,1	96,8,1	48,8,1	112,8,1	112,8,1	112,8,1
Minh Ph­îng Bång Lai KiƠm	80,8,1	64,8,1	64,8,1	96,8,1			96,8,1	96,8,1	96,8,1			96,8,1	96,8,1	96,8,1			64,8,1	64,8,1			104,8,1	120,8,1			96,8,1	104,8,1	104,8,1					96,8,1	96,8,1	80,8,1			96,8,1	112,8,1	112,8,1	96,8,1	80,8,1	96,8,1	112,8,1	96,8,1	48,8,1	112,8,1	112,8,1	112,8,1
Minh Ph­îng Cöu Thiªn Hµn ThiƠt	80,8,1	64,8,1	64,8,1	96,8,1			96,8,1	96,8,1	96,8,1			96,8,1	96,8,1	96,8,1			64,8,1	64,8,1			104,8,1	120,8,1			96,8,1	104,8,1	104,8,1					96,8,1	96,8,1	80,8,1			96,8,1	112,8,1	112,8,1	96,8,1	80,8,1	96,8,1	112,8,1	96,8,1	48,8,1	112,8,1	112,8,1	112,8,1
Minh Ph­îng Tham Th­¬ng KiƠm	80,8,1	64,8,1	64,8,1	96,8,1			96,8,1	96,8,1	96,8,1			96,8,1	96,8,1	96,8,1			64,8,1	64,8,1			104,8,1	120,8,1			96,8,1	104,8,1	104,8,1					96,8,1	96,8,1	80,8,1			96,8,1	112,8,1	112,8,1	96,8,1	80,8,1	96,8,1	112,8,1	96,8,1	48,8,1	112,8,1	112,8,1	112,8,1
Tö M·ng KƠt L« KiƠm	80,8,1	64,8,1	64,8,1	96,8,1			96,8,1	96,8,1	96,8,1			96,8,1	96,8,1	96,8,1			64,8,1	64,8,1			104,8,1	120,8,1			96,8,1	104,8,1	104,8,1					96,8,1	96,8,1	80,8,1			96,8,1	112,8,1	112,8,1	96,8,1	80,8,1	96,8,1	112,8,1	96,8,1	48,8,1	112,8,1	112,8,1	112,8,1
B¹ch Hæ Tö CÇm KiƠm	80,8,1	64,8,1	64,8,1	96,8,1			96,8,1	96,8,1	96,8,1			96,8,1	96,8,1	96,8,1			64,8,1	64,8,1			104,8,1	120,8,1			96,8,1	104,8,1	104,8,1					96,8,1	96,8,1	80,8,1			96,8,1	112,8,1	112,8,1	96,8,1	80,8,1	96,8,1	112,8,1	96,8,1	48,8,1	112,8,1	112,8,1	112,8,1
Minh Ph­îng Tr¹m Ṿ KiƠm	80,8,1	64,8,1	64,8,1	96,8,1			96,8,1	96,8,1	96,8,1			96,8,1	96,8,1	96,8,1			64,8,1	64,8,1			104,8,1	120,8,1			96,8,1	104,8,1	104,8,1					96,8,1	96,8,1	80,8,1			96,8,1	112,8,1	112,8,1	96,8,1	80,8,1	96,8,1	112,8,1	96,8,1	48,8,1	112,8,1	112,8,1	112,8,1
§»ng Long Bå §̉ Trỉn Thñ																																																
§»ng Long Nh­ Lai Ph¸p C«n 																																																
§»ng Long V« L­îng Giíi §ao																																																
§»ng Long Khai Thiªn ThÇn Chïy	80,8,1	64,8,1	64,8,1	96,8,1		64,8,1	96,8,1	96,8,1			96,1,1	96,8,1	96,8,1			96,1,1	64,8,1			48,8,1	104,8,1			80,8,1	96,8,1					128,1,1	96,1,1		96,8,1			48,1,1	96,8,1	112,8,1	112,1,1	96,1,1	80,1,1	96,1,1	112,1,1	96,1,1	48,1,1	112,1,1	112,1,1	112,1,1
§»ng Long T̃ch §̃a Th­¬ng	80,8,1	64,8,1	64,8,1	96,8,1			96,8,1	96,8,1	96,8,1			96,8,1	96,8,1	96,8,1			64,8,1	64,8,1			104,8,1	120,8,1			96,8,1	104,8,1	104,8,1					96,8,1	96,8,1	80,8,1			96,8,1	112,8,1	112,8,1	96,8,1	80,8,1	96,8,1	112,8,1	96,8,1	48,8,1	112,8,1	112,8,1	112,8,1
§»ng Long Hçn Nguyªn B¶o §ao	80,8,1	64,8,1	64,8,1	96,8,1			96,8,1	96,8,1	96,8,1			96,8,1	96,8,1	96,8,1			64,8,1	64,8,1			104,8,1	120,8,1			96,8,1	104,8,1	104,8,1					96,8,1	96,8,1	80,8,1			96,8,1	112,8,1	112,8,1	96,8,1	80,8,1	96,8,1	112,8,1	96,8,1	48,8,1	112,8,1	112,8,1	112,8,1
§»ng Long Phi Thiªn Tr­êng KiƠm	80,8,1	64,8,1	64,8,1	96,8,1			96,8,1	96,8,1	96,8,1			96,8,1	96,8,1	96,8,1			64,8,1	64,8,1			104,8,1	120,8,1			96,8,1	104,8,1	104,8,1					96,8,1	96,8,1	80,8,1			96,8,1	112,8,1	112,8,1	96,8,1	80,8,1	96,8,1	112,8,1	96,8,1	48,8,1	112,8,1	112,8,1	112,8,1
§»ng Long B¨ng Ph¸ch Trỉn Thñ	80,8,1	64,8,1	64,8,1				88,8,1	88,8,1				96,1,1	96,8,1				64,8,1				104,8,1				96,8,1								96,1,1						112,1,1	96,1,1	80,1,1	96,1,1	112,1,1	96,1,1	48,1,1	112,1,1	112,1,1	112,1,1
§»ng Long Khuynh Thµnh B¶o §ao	80,8,1	64,8,1	64,8,1	96,8,1			96,8,1	96,8,1	96,8,1			96,8,1	96,8,1	96,8,1			64,8,1	64,8,1			104,8,1	120,8,1			96,8,1	104,8,1	104,8,1					96,8,1	96,8,1	80,8,1			96,8,1	112,8,1	112,8,1	96,8,1	80,8,1	96,8,1	112,8,1	96,8,1	48,8,1	112,8,1	112,8,1	112,8,1
§»ng Long B¸ch H­¬ng Uyªn ¦¬ng §ao	80,8,1	64,8,1	64,8,1			64,8,1	96,8,1	96,8,1			96,1,1	96,8,1	96,8,1			96,1,1	64,8,1			48,8,1	104,8,1			80,8,1	96,8,1					128,1,1	96,1,1		96,8,1			80,1,1	96,8,1	112,8,1	112,1,1	96,1,1	80,1,1	96,1,1	112,1,1	96,1,1	48,1,1	112,1,1	112,1,1	112,1,1
§»ng Long V¹n §éc Trỉn Thñ	80,8,1	64,8,1	64,8,1				88,8,1	88,1,1				96,1,1	96,8,1				64,8,1				104,8,1				96,8,1								96,1,1						112,1,1	96,1,1	80,1,1	96,1,1	112,1,1	96,1,1	48,1,1	112,1,1	112,1,1	112,1,1
§»ng Long V¹n Linh HuyƠt NhÉn	80,8,1	64,8,1	64,8,1	96,8,1			96,8,1	96,8,1	96,8,1			96,8,1	96,8,1	96,8,1			64,8,1	64,8,1			104,8,1	120,8,1			96,8,1	104,8,1	104,8,1					96,8,1	96,8,1	80,8,1			96,8,1	112,8,1	112,8,1	96,8,1	80,8,1	96,8,1	112,8,1	96,8,1	48,8,1	112,8,1	112,8,1	112,8,1
§»ng Long Hçn §én Phi §ao	80,8,1	64,8,1	64,8,1				88,8,1	88,8,1				96,8,1	96,8,1				64,8,1				104,8,1				96,8,1								96,1,1						112,1,1	96,1,1	80,1,1	96,1,1	112,1,1	96,1,1	48,1,1	112,1,1	112,1,1	112,1,1
§»ng Long ThƯ ThÇn Tô TiÔn	80,8,1	64,8,1	64,8,1				88,8,1	88,8,1				96,8,1	96,8,1				64,8,1				104,8,1				96,8,1								96,1,1						112,1,1	96,1,1	80,1,1	96,1,1	112,1,1	96,1,1	48,1,1	112,1,1	112,1,1	112,1,1
§»ng Long Phong B¹o Phi Tiªu	80,8,1	64,8,1	64,8,1				88,8,1	88,8,1				96,8,1	96,8,1				64,8,1				104,8,1				96,8,1								96,1,1						112,1,1	96,1,1	80,1,1	96,1,1	112,1,1	96,1,1	48,1,1	112,1,1	112,1,1	112,1,1
§»ng Long Hµo T×nh Trỉn Thñ	80,8,1	64,8,1	64,8,1				88,8,1	88,8,1				96,8,1	96,1,1				64,8,1				104,8,1				96,8,1								96,1,1						112,1,1	96,1,1	80,1,1	96,1,1	112,1,1	96,1,1	48,1,1	112,1,1	112,1,1	112,1,1
§»ng Long Tô NghÜa Tr­îng	80,8,1	64,8,1	64,8,1	96,8,1			96,8,1	96,8,1	96,8,1			96,8,1	96,8,1	96,8,1			64,8,1	64,8,1			104,8,1	120,8,1			96,8,1	104,8,1	104,8,1					96,8,1	96,8,1	80,8,1			96,8,1	112,8,1	112,8,1	96,8,1	80,8,1	96,8,1	112,8,1	96,8,1	48,8,1	112,8,1	112,8,1	112,8,1
§»ng Long Viªm Hoµng Th­¬ng	80,8,1	64,8,1	64,8,1	96,8,1			96,8,1	96,8,1	96,8,1			96,8,1	96,8,1	96,8,1			64,8,1	64,8,1			104,8,1	120,8,1			96,8,1	104,8,1	104,8,1					96,8,1	96,8,1	80,8,1			96,8,1	112,8,1	112,8,1	96,8,1	80,8,1	96,8,1	112,8,1	96,8,1	48,8,1	112,8,1	112,8,1	112,8,1
§»ng Long PhÇn Thiªn B¶o §ao	80,8,1	64,8,1	64,8,1	96,8,1			96,8,1	96,8,1	96,8,1			96,8,1	96,8,1	96,8,1			64,8,1	64,8,1			104,8,1	120,8,1			96,8,1	104,8,1	104,8,1					96,8,1	96,8,1	80,8,1			96,8,1	112,8,1	112,8,1	96,8,1	80,8,1	96,8,1	112,8,1	96,8,1	48,8,1	112,8,1	112,8,1	112,8,1
§»ng Long Ngäc H­ ThÇn KiƠm	80,8,1	64,8,1	64,8,1	96,8,1			96,8,1	96,8,1	96,8,1			96,8,1	96,8,1	96,8,1			64,8,1	64,8,1			104,8,1	120,8,1			96,8,1	104,8,1	104,8,1					96,8,1	96,8,1	80,8,1			96,8,1	112,8,1	112,8,1	96,8,1	80,8,1	96,8,1	112,8,1	96,8,1	48,8,1	112,8,1	112,8,1	112,8,1
§»ng Long Huỷn Thiªn ThÇn KiƠm	80,8,1	64,8,1	64,8,1	96,8,1			96,8,1	96,8,1	96,8,1			96,8,1	96,8,1	96,8,1			64,8,1	64,8,1			104,8,1	120,8,1			96,8,1	104,8,1	104,8,1					96,8,1	96,8,1	80,8,1			96,8,1	112,8,1	112,8,1	96,8,1	80,8,1	96,8,1	112,8,1	96,8,1	48,8,1	112,8,1	112,8,1	112,8,1
§»ng Long Ph­¬ng Nguyªn B¶o §ao	80,8,1	64,8,1	64,8,1	96,8,1			96,8,1	96,8,1	96,8,1			96,8,1	96,8,1	96,8,1			64,8,1	64,8,1			104,8,1	120,8,1			96,8,1	104,8,1	104,8,1					96,8,1	96,8,1	80,8,1			96,8,1	112,8,1	112,8,1	96,8,1	80,8,1	96,8,1	112,8,1	96,8,1	48,8,1	112,8,1	112,8,1	112,8,1
§»ng Long Th­¬ng Khung ThÇn KiƠm	80,8,1	64,8,1	64,8,1	96,8,1			96,8,1	96,8,1	96,8,1			96,8,1	96,8,1	96,8,1			64,8,1	64,8,1			104,8,1	120,8,1			96,8,1	104,8,1	104,8,1					96,8,1	96,8,1	80,8,1			96,8,1	112,8,1	112,8,1	96,8,1	80,8,1	96,8,1	112,8,1	96,8,1	48,8,1	112,8,1	112,8,1	112,8,1
§»ng Long Tè Du KiƠm	80,8,1	64,8,1	64,8,1	96,8,1			96,8,1	96,8,1	96,8,1			96,8,1	96,8,1	96,8,1			64,8,1	64,8,1			104,8,1	120,8,1			96,8,1	104,8,1	104,8,1					96,8,1	96,8,1	80,8,1			96,8,1	112,8,1	112,8,1	96,8,1	80,8,1	96,8,1	112,8,1	96,8,1	48,8,1	112,8,1	112,8,1	112,8,1
§»ng Long Y Thñy KiƠm	80,8,1	64,8,1	64,8,1	96,8,1			96,8,1	96,8,1	96,8,1			96,8,1	96,8,1	96,8,1			64,8,1	64,8,1			104,8,1	120,8,1			96,8,1	104,8,1	104,8,1					96,8,1	96,8,1	80,8,1			96,8,1	112,8,1	112,8,1	96,8,1	80,8,1	96,8,1	112,8,1	96,8,1	48,8,1	112,8,1	112,8,1	112,8,1
Tinh S­¬ng-Khæ §Ơ Trỉn Thñ																																																
Tinh S­¬ng-DiÖt §Ơ Ph¸p C«n																																																
Tinh S­¬ng-§¹o §Ơ Giíi §ao																																																
Tinh S­¬ng-Th«n Tµ ThÇn Chïy	80,8,1	64,8,1				64,8,1					88,8,1					96,8,1				48,8,1				80,8,1						128,8,1	96,8,1					80,8,1			112,8,1	96,8,1	80,8,1	96,8,1	112,8,1	96,8,1	48,8,1	112,8,1	112,8,1	112,8,1
Tinh S­¬ng-L­u Kim Th­¬ng	80,8,1	64,8,1	64,8,1	96,8,1	64,8,1		96,8,1	96,8,1	96,8,1	96,8,1		96,8,1	96,8,1	96,8,1	96,8,1		64,8,1	64,8,1	48,8,1		104,8,1	120,8,1	80,8,1		96,8,1	104,8,1	104,8,1	104,8,1	96,8,1			96,8,1	96,8,1	80,8,1	96,8,1		96,8,1	112,8,1	112,8,1	96,8,1	80,8,1	96,8,1	112,8,1	96,8,1	48,8,1	112,8,1	112,8,1	112,8,1
Tinh S­¬ng-L÷ S­¬ng B¶o §ao	80,8,1	64,8,1	64,8,1	96,8,1			96,8,1	96,8,1	96,8,1			96,8,1	96,8,1	96,8,1			64,8,1	64,8,1			104,8,1	120,8,1			96,8,1	104,8,1	104,8,1					96,8,1	96,8,1	80,8,1			96,8,1	112,8,1	112,8,1	96,8,1	80,8,1	96,8,1	112,8,1	96,8,1	48,8,1	112,8,1	112,8,1	112,8,1
Tinh S­¬ng-L¹c Anh B¶o KiƠm	80,8,1	64,8,1	64,8,1	96,8,1			96,8,1	96,8,1	96,8,1			96,8,1	96,8,1	96,8,1			64,8,1	64,8,1			104,8,1	120,8,1			96,8,1	104,8,1	104,8,1					96,8,1	96,8,1	80,8,1			96,8,1	112,8,1	112,8,1	96,8,1	80,8,1	96,8,1	112,8,1	96,8,1	48,8,1	112,8,1	112,8,1	112,8,1
Tinh S­¬ng-PhÊt HuyÖt Trỉn Thñ	80,8,1	64,8,1	64,8,1	96,8,1	64,8,1	64,8,1	96,8,1	96,8,1	96,8,1	96,8,1	96,8,1	96,8,1	96,8,1	96,8,1	96,8,1	96,8,1	64,8,1	64,8,1	48,8,1	48,8,1	104,8,1	120,8,1	80,8,1	80,8,1	96,8,1	104,8,1	104,8,1	104,8,1	96,8,1	128,8,1	96,8,1	96,8,1	96,8,1	80,8,1	96,8,1	80,8,1	96,8,1	112,8,1	112,8,1	96,8,1	80,8,1	96,8,1	112,8,1	96,8,1	48,8,1	112,8,1	112,8,1	112,8,1
Tinh S­¬ng-Thiªn H­¬ng B¶o §ao	80,8,1	64,8,1	64,8,1	96,8,1			96,8,1	96,8,1	96,8,1			96,8,1	96,8,1	96,8,1			64,8,1	64,8,1			104,8,1	120,8,1			96,8,1	104,8,1	104,8,1					96,8,1	96,8,1	80,8,1			96,8,1	112,8,1	112,8,1	96,8,1	80,8,1	96,8,1	112,8,1	96,8,1	48,8,1	112,8,1	112,8,1	112,8,1
Tinh S­¬ng-Th¸i VËn Uyªn ¦¬ng §ao	80,8,1	64,8,1	64,8,1			64,8,1	96,8,1	96,8,1			88,8,1	96,8,1	96,8,1			96,8,1	64,8,1			48,8,1	104,8,1			80,8,1	96,8,1					128,8,1	96,8,1		96,8,1			80,8,1	96,8,1	112,8,1	112,8,1	96,8,1	80,8,1	96,8,1	112,8,1	96,8,1	48,8,1	112,8,1	112,8,1	112,8,1
Tinh S­¬ng-Thỉm Phi Trỉn Thñ	80,8,1	64,8,1	64,8,1	96,8,1	64,8,1	64,8,1	96,8,1	96,8,1	96,8,1	96,8,1	96,8,1	96,8,1	96,8,1	96,8,1	96,8,1	96,8,1	64,8,1	64,8,1	48,8,1	48,8,1	104,8,1	120,8,1	80,8,1	80,8,1	96,8,1	104,8,1	104,8,1	104,8,1	96,8,1	128,8,1	96,8,1	96,8,1	96,8,1	80,8,1	96,8,1	80,8,1	96,8,1	112,8,1	112,8,1	96,8,1	80,8,1	96,8,1	112,8,1	96,8,1	48,8,1	112,8,1	112,8,1	112,8,1
Tinh S­¬ng-Phô Cèt HuyƠt NhËn	80,8,1	64,8,1	64,8,1	96,8,1			96,8,1	96,8,1	96,8,1			96,8,1	96,8,1	96,8,1			64,8,1	64,8,1			104,8,1	120,8,1			96,8,1	104,8,1	104,8,1					96,8,1	96,8,1	80,8,1			96,8,1	112,8,1	112,8,1	96,8,1	80,8,1	96,8,1	112,8,1	96,8,1	48,8,1	112,8,1	112,8,1	112,8,1
Tinh S­¬ng-L·nh HuyƠt Phi §ao	80,8,1	64,8,1	64,8,1	96,8,1	64,8,1	64,8,1	96,8,1	96,8,1	96,8,1	96,8,1	96,8,1	96,8,1	96,8,1	96,8,1	96,8,1	96,8,1	64,8,1	64,8,1	48,8,1	48,8,1	104,8,1	120,8,1	80,8,1	80,8,1	96,8,1	104,8,1	104,8,1	104,8,1	96,8,1	128,8,1	96,8,1	96,8,1	96,8,1	80,8,1	96,8,1	80,8,1	96,8,1	112,8,1	112,8,1	96,8,1	80,8,1	96,8,1	112,8,1	96,8,1	48,8,1	112,8,1	112,8,1	112,8,1
Tinh S­¬ng-Né Liªn Tô TiÔn	80,8,1	64,8,1	64,8,1	96,8,1	64,8,1	64,8,1	96,8,1	96,8,1	96,8,1	96,8,1	96,8,1	96,8,1	96,8,1	96,8,1	96,8,1	96,8,1	64,8,1	64,8,1	48,8,1	48,8,1	104,8,1	120,8,1	80,8,1	80,8,1	96,8,1	104,8,1	104,8,1	104,8,1	96,8,1	128,8,1	96,8,1	96,8,1	96,8,1	80,8,1	96,8,1	80,8,1	96,8,1	112,8,1	112,8,1	96,8,1	80,8,1	96,8,1	112,8,1	96,8,1	48,8,1	112,8,1	112,8,1	112,8,1
Tinh S­¬ng-Truy MÖnh Phi Tiªu	80,8,1	64,8,1	64,8,1	96,8,1	64,8,1	64,8,1	96,8,1	96,8,1	96,8,1	96,8,1	96,8,1	96,8,1	96,8,1	96,8,1	96,8,1	96,8,1	64,8,1	64,8,1	48,8,1	48,8,1	104,8,1	120,8,1	80,8,1	80,8,1	96,8,1	104,8,1	104,8,1	104,8,1	96,8,1	128,8,1	96,8,1	96,8,1	96,8,1	80,8,1	96,8,1	80,8,1	96,8,1	112,8,1	112,8,1	96,8,1	80,8,1	96,8,1	112,8,1	96,8,1	48,8,1	112,8,1	112,8,1	112,8,1
Tinh S­¬ng-M·nh Long Trỉn Thñ	80,8,1	64,8,1	64,8,1	96,8,1	64,8,1	64,8,1	96,8,1	96,8,1	96,8,1	96,8,1	96,8,1	96,8,1	96,8,1	96,8,1	96,8,1	96,8,1	64,8,1	64,8,1	48,8,1	48,8,1	104,8,1	120,8,1	80,8,1	80,8,1	96,8,1	104,8,1	104,8,1	104,8,1	96,8,1	128,8,1	96,8,1	96,8,1	96,8,1	80,8,1	96,8,1	80,8,1	96,8,1	112,8,1	112,8,1	96,8,1	80,8,1	96,8,1	112,8,1	96,8,1	48,8,1	112,8,1	112,8,1	112,8,1
Tinh S­¬ng-Ph¸ Lç Tr­îng	80,8,1	64,8,1	64,8,1	96,8,1	64,8,1		96,8,1	96,8,1	96,8,1	96,8,1		96,8,1	96,8,1	96,8,1	96,8,1		64,8,1	64,8,1	48,8,1		104,8,1	120,8,1	80,8,1		96,8,1	104,8,1	104,8,1	104,8,1	96,8,1			96,8,1	96,8,1	80,8,1	96,8,1		96,8,1	112,8,1	112,8,1	96,8,1	80,8,1	96,8,1	112,8,1	96,8,1	48,8,1	112,8,1	112,8,1	112,8,1
Tinh S­¬ng-LuyÖn NhËt Th­¬ng	80,8,1	64,8,1	64,8,1	96,8,1	64,8,1		96,8,1	96,8,1	96,8,1	96,8,1		96,8,1	96,8,1	96,8,1	96,8,1		64,8,1	64,8,1	48,8,1		104,8,1	120,8,1	80,8,1		96,8,1	104,8,1	104,8,1	104,8,1	96,8,1			96,8,1	96,8,1	80,8,1	96,8,1		96,8,1	112,8,1	112,8,1	96,8,1	80,8,1	96,8,1	112,8,1	96,8,1	48,8,1	112,8,1	112,8,1	112,8,1
Tinh S­¬ng-Khèc Viªm B¶o §ao	80,8,1	64,8,1	64,8,1	96,8,1			96,8,1	96,8,1	96,8,1			96,8,1	96,8,1	96,8,1			64,8,1	64,8,1			104,8,1	120,8,1			96,8,1	104,8,1	104,8,1					96,8,1	96,8,1	80,8,1			96,8,1	112,8,1	112,8,1	96,8,1	80,8,1	96,8,1	112,8,1	96,8,1	48,8,1	112,8,1	112,8,1	112,8,1
Tinh S­¬ng-ChÊn S¬n ThÇn KiƠm	80,8,1	64,8,1	64,8,1	96,8,1			96,8,1	96,8,1	96,8,1			96,8,1	96,8,1	96,8,1			64,8,1	64,8,1			104,8,1	120,8,1			96,8,1	104,8,1	104,8,1					96,8,1	96,8,1	80,8,1			96,8,1	112,8,1	112,8,1	96,8,1	80,8,1	96,8,1	112,8,1	96,8,1	48,8,1	112,8,1	112,8,1	112,8,1
Tinh S­¬ng-Qu©n Uy ThÇn KiƠm	80,8,1	64,8,1	64,8,1	96,8,1			96,8,1	96,8,1	96,8,1			96,8,1	96,8,1	96,8,1			64,8,1	64,8,1			104,8,1	120,8,1			96,8,1	104,8,1	104,8,1					96,8,1	96,8,1	80,8,1			96,8,1	112,8,1	112,8,1	96,8,1	80,8,1	96,8,1	112,8,1	96,8,1	48,8,1	112,8,1	112,8,1	112,8,1
Tinh S­¬ng-Minh L«i B¶o §ao	80,8,1	64,8,1	64,8,1	96,8,1			96,8,1	96,8,1	96,8,1			96,8,1	96,8,1	96,8,1			64,8,1	64,8,1			104,8,1	120,8,1			96,8,1	104,8,1	104,8,1					96,8,1	96,8,1	80,8,1			96,8,1	112,8,1	112,8,1	96,8,1	80,8,1	96,8,1	112,8,1	96,8,1	48,8,1	112,8,1	112,8,1	112,8,1
Tinh S­¬ng-Oanh Minh ThÇn KiƠm	80,8,1	64,8,1	64,8,1	96,8,1			96,8,1	96,8,1	96,8,1			96,8,1	96,8,1	96,8,1			64,8,1	64,8,1			104,8,1	120,8,1			96,8,1	104,8,1	104,8,1					96,8,1	96,8,1	80,8,1			96,8,1	112,8,1	112,8,1	96,8,1	80,8,1	96,8,1	112,8,1	96,8,1	48,8,1	112,8,1	112,8,1	112,8,1
Tinh S­¬ng-H¹o Thiªn KiƠm	80,8,1	64,8,1	64,8,1	96,8,1			96,8,1	96,8,1	96,8,1			96,8,1	96,8,1	96,8,1			64,8,1	64,8,1			104,8,1	120,8,1			96,8,1	104,8,1	104,8,1					96,8,1	96,8,1	80,8,1			96,8,1	112,8,1	112,8,1	96,8,1	80,8,1	96,8,1	112,8,1	96,8,1	48,8,1	112,8,1	112,8,1	112,8,1
Tinh S­¬ng-Thanh H­ KiƠm	80,8,1	64,8,1	64,8,1	96,8,1			96,8,1	96,8,1	96,8,1			96,8,1	96,8,1	96,8,1			64,8,1	64,8,1			104,8,1	120,8,1			96,8,1	104,8,1	104,8,1					96,8,1	96,8,1	80,8,1			96,8,1	112,8,1	112,8,1	96,8,1	80,8,1	96,8,1	112,8,1	96,8,1	48,8,1	112,8,1	112,8,1	112,8,1
NguyÖt KhuyƠt Träng KiƠp Trỉn Thñ																																																
NguyÖt KhuyƠt S¸t KiƠp Ph¸p C«n																																																
NguyÖt KhuyƠt Ph¸ KiƠp Giíi §ao																																																
NguyÖt KhuyƠt PhÊn Ṿ ThÇn Chïy	80,8,1	64,8,1				64,8,1					88,8,1					96,8,1				48,8,1				80,8,1						128,8,1	96,8,1					80,8,1			112,8,1	96,8,1	80,8,1	96,8,1	112,8,1	96,8,1	48,8,1	112,8,1	112,8,1	112,8,1
NguyÖt KhuyƠt Phong Yªn  Th­¬ng	80,8,1	64,8,1	64,8,1	96,8,1	64,8,1		96,8,1	96,8,1	96,8,1	96,8,1		96,8,1	96,8,1	96,8,1	96,8,1		64,8,1	64,8,1	48,8,1		104,8,1	120,8,1	80,8,1		96,8,1	104,8,1	104,8,1	104,8,1	96,8,1			96,8,1	96,8,1	80,8,1	96,8,1		96,8,1	112,8,1	112,8,1	96,8,1	80,8,1	96,8,1	112,8,1	96,8,1	48,8,1	112,8,1	112,8,1	112,8,1
NguyÖt KhuyƠt Tr­êng Kh«ng B¶o §ao	80,8,1	64,8,1	64,8,1	96,8,1			96,8,1	96,8,1	96,8,1			96,8,1	96,8,1	96,8,1			64,8,1	64,8,1			104,8,1	120,8,1			96,8,1	104,8,1	104,8,1					96,8,1	96,8,1	80,8,1			96,8,1	112,8,1	112,8,1	96,8,1	80,8,1	96,8,1	112,8,1	96,8,1	48,8,1	112,8,1	112,8,1	112,8,1
NguyÖt KhuyƠt Kinh Hång B¶o KiƠm	80,8,1	64,8,1	64,8,1	96,8,1			96,8,1	96,8,1	96,8,1			96,8,1	96,8,1	96,8,1			64,8,1	64,8,1			104,8,1	120,8,1			96,8,1	104,8,1	104,8,1					96,8,1	96,8,1	80,8,1			96,8,1	112,8,1	112,8,1	96,8,1	80,8,1	96,8,1	112,8,1	96,8,1	48,8,1	112,8,1	112,8,1	112,8,1
NguyÖt KhuyƠt HiÓu NguyÖt Trỉn Thñ	80,8,1	64,8,1	64,8,1	96,8,1	64,8,1	64,8,1	96,8,1	96,8,1	96,8,1	96,8,1	96,8,1	96,8,1	96,8,1	96,8,1	96,8,1	96,8,1	64,8,1	64,8,1	48,8,1	48,8,1	104,8,1	120,8,1	80,8,1	80,8,1	96,8,1	104,8,1	104,8,1	104,8,1	96,8,1	128,8,1	96,8,1	96,8,1	96,8,1	80,8,1	96,8,1	80,8,1	96,8,1	112,8,1	112,8,1	96,8,1	80,8,1	96,8,1	112,8,1	96,8,1	48,8,1	112,8,1	112,8,1	112,8,1
NguyÖt KhuyƠt T­¬ng T­ B¶o §ao	80,8,1	64,8,1	64,8,1	96,8,1			96,8,1	96,8,1	96,8,1			96,8,1	96,8,1	96,8,1			64,8,1	64,8,1			104,8,1	120,8,1			96,8,1	104,8,1	104,8,1					96,8,1	96,8,1	80,8,1			96,8,1	112,8,1	112,8,1	96,8,1	80,8,1	96,8,1	112,8,1	96,8,1	48,8,1	112,8,1	112,8,1	112,8,1
NguyÖt KhuyƠt Phong NguyÖt Uyªn ¦¬ng §ao	80,8,1	64,8,1	64,8,1			64,8,1	96,8,1	96,8,1			88,8,1	96,8,1	96,8,1			96,8,1	64,8,1			48,8,1	104,8,1			80,8,1	96,8,1					128,8,1	96,8,1		96,8,1			80,8,1	96,8,1	112,8,1	112,8,1	96,8,1	80,8,1	96,8,1	112,8,1	96,8,1	48,8,1	112,8,1	112,8,1	112,8,1
NguyÖt KhuyƠt B¸ch §éc Trỉn Thñ	80,8,1	64,8,1	64,8,1	96,8,1	64,8,1	64,8,1	96,8,1	96,8,1	96,8,1	96,8,1	96,8,1	96,8,1	96,8,1	96,8,1	96,8,1	96,8,1	64,8,1	64,8,1	48,8,1	48,8,1	104,8,1	120,8,1	80,8,1	80,8,1	96,8,1	104,8,1	104,8,1	104,8,1	96,8,1	128,8,1	96,8,1	96,8,1	96,8,1	80,8,1	96,8,1	80,8,1	96,8,1	112,8,1	112,8,1	96,8,1	80,8,1	96,8,1	112,8,1	96,8,1	48,8,1	112,8,1	112,8,1	112,8,1
NguyÖt KhuyƠt U Minh HuyƠt NhÉn	80,8,1	64,8,1	64,8,1	96,8,1			96,8,1	96,8,1	96,8,1			96,8,1	96,8,1	96,8,1			64,8,1	64,8,1			104,8,1	120,8,1			96,8,1	104,8,1	104,8,1					96,8,1	96,8,1	80,8,1			96,8,1	112,8,1	112,8,1	96,8,1	80,8,1	96,8,1	112,8,1	96,8,1	48,8,1	112,8,1	112,8,1	112,8,1
NguyÖt KhuyƠt Th«i MÖnh Phi §ao	80,8,1	64,8,1	64,8,1	96,8,1	64,8,1	64,8,1	96,8,1	96,8,1	96,8,1	96,8,1	96,8,1	96,8,1	96,8,1	96,8,1	96,8,1	96,8,1	64,8,1	64,8,1	48,8,1	48,8,1	104,8,1	120,8,1	80,8,1	80,8,1	96,8,1	104,8,1	104,8,1	104,8,1	96,8,1	128,8,1	96,8,1	96,8,1	96,8,1	80,8,1	96,8,1	80,8,1	96,8,1	112,8,1	112,8,1	96,8,1	80,8,1	96,8,1	112,8,1	96,8,1	48,8,1	112,8,1	112,8,1	112,8,1
NguyÖt KhuyƠt BƯ §éc Tô TiÔn	80,8,1	64,8,1	64,8,1	96,8,1	64,8,1	64,8,1	96,8,1	96,8,1	96,8,1	96,8,1	96,8,1	96,8,1	96,8,1	96,8,1	96,8,1	96,8,1	64,8,1	64,8,1	48,8,1	48,8,1	104,8,1	120,8,1	80,8,1	80,8,1	96,8,1	104,8,1	104,8,1	104,8,1	96,8,1	128,8,1	96,8,1	96,8,1	96,8,1	80,8,1	96,8,1	80,8,1	96,8,1	112,8,1	112,8,1	96,8,1	80,8,1	96,8,1	112,8,1	96,8,1	48,8,1	112,8,1	112,8,1	112,8,1
NguyÖt KhuyƠt M¹n §å Phi Tiªu	80,8,1	64,8,1	64,8,1	96,8,1	64,8,1	64,8,1	96,8,1	96,8,1	96,8,1	96,8,1	96,8,1	96,8,1	96,8,1	96,8,1	96,8,1	96,8,1	64,8,1	64,8,1	48,8,1	48,8,1	104,8,1	120,8,1	80,8,1	80,8,1	96,8,1	104,8,1	104,8,1	104,8,1	96,8,1	128,8,1	96,8,1	96,8,1	96,8,1	80,8,1	96,8,1	80,8,1	96,8,1	112,8,1	112,8,1	96,8,1	80,8,1	96,8,1	112,8,1	96,8,1	48,8,1	112,8,1	112,8,1	112,8,1
NguyÖt KhuyƠt XƯch Long Trỉn Thñ	80,8,1	64,8,1	64,8,1	96,8,1	64,8,1	64,8,1	96,8,1	96,8,1	96,8,1	96,8,1	96,8,1	96,8,1	96,8,1	96,8,1	96,8,1	96,8,1	64,8,1	64,8,1	48,8,1	48,8,1	104,8,1	120,8,1	80,8,1	80,8,1	96,8,1	104,8,1	104,8,1	104,8,1	96,8,1	128,8,1	96,8,1	96,8,1	96,8,1	80,8,1	96,8,1	80,8,1	96,8,1	112,8,1	112,8,1	96,8,1	80,8,1	96,8,1	112,8,1	96,8,1	48,8,1	112,8,1	112,8,1	112,8,1
NguyÖt KhuyƠt Hµo KiÖt Tr­îng	80,8,1	64,8,1	64,8,1	96,8,1	64,8,1		96,8,1	96,8,1	96,8,1	96,8,1		96,8,1	96,8,1	96,8,1	96,8,1		64,8,1	64,8,1	48,8,1		104,8,1	120,8,1	80,8,1		96,8,1	104,8,1	104,8,1	104,8,1	96,8,1			96,8,1	96,8,1	80,8,1	96,8,1		96,8,1	112,8,1	112,8,1	96,8,1	80,8,1	96,8,1	112,8,1	96,8,1	48,8,1	112,8,1	112,8,1	112,8,1
NguyÖt KhuyƠt Tham Lang Th­¬ng	80,8,1	64,8,1	64,8,1	96,8,1	64,8,1		96,8,1	96,8,1	96,8,1	96,8,1		96,8,1	96,8,1	96,8,1	96,8,1		64,8,1	64,8,1	48,8,1		104,8,1	120,8,1	80,8,1		96,8,1	104,8,1	104,8,1	104,8,1	96,8,1			96,8,1	96,8,1	80,8,1	96,8,1		96,8,1	112,8,1	112,8,1	96,8,1	80,8,1	96,8,1	112,8,1	96,8,1	48,8,1	112,8,1	112,8,1	112,8,1
NguyÖt KhuyƠt LiÖt D­¬ng B¶o §ao	80,8,1	64,8,1	64,8,1	96,8,1			96,8,1	96,8,1	96,8,1			96,8,1	96,8,1	96,8,1			64,8,1	64,8,1			104,8,1	120,8,1			96,8,1	104,8,1	104,8,1					96,8,1	96,8,1	80,8,1			96,8,1	112,8,1	112,8,1	96,8,1	80,8,1	96,8,1	112,8,1	96,8,1	48,8,1	112,8,1	112,8,1	112,8,1
NguyÖt KhuyƠt Linh §éng ThÇn KiƠm	80,8,1	64,8,1	64,8,1	96,8,1			96,8,1	96,8,1	96,8,1			96,8,1	96,8,1	96,8,1			64,8,1	64,8,1			104,8,1	120,8,1			96,8,1	104,8,1	104,8,1					96,8,1	96,8,1	80,8,1			96,8,1	112,8,1	112,8,1	96,8,1	80,8,1	96,8,1	112,8,1	96,8,1	48,8,1	112,8,1	112,8,1	112,8,1
NguyÖt KhuyƠt ¶o ¶nh ThÇn KiƠm	80,8,1	64,8,1	64,8,1	96,8,1			96,8,1	96,8,1	96,8,1			96,8,1	96,8,1	96,8,1			64,8,1	64,8,1			104,8,1	120,8,1			96,8,1	104,8,1	104,8,1					96,8,1	96,8,1	80,8,1			96,8,1	112,8,1	112,8,1	96,8,1	80,8,1	96,8,1	112,8,1	96,8,1	48,8,1	112,8,1	112,8,1	112,8,1
NguyÖt KhuyƠt L¨ng Phong B¶o §ao	80,8,1	64,8,1	64,8,1	96,8,1			96,8,1	96,8,1	96,8,1			96,8,1	96,8,1	96,8,1			64,8,1	64,8,1			104,8,1	120,8,1			96,8,1	104,8,1	104,8,1					96,8,1	96,8,1	80,8,1			96,8,1	112,8,1	112,8,1	96,8,1	80,8,1	96,8,1	112,8,1	96,8,1	48,8,1	112,8,1	112,8,1	112,8,1
NguyÖt KhuyƠt Méc Ṿ ThÇn KiƠm	80,8,1	64,8,1	64,8,1	96,8,1			96,8,1	96,8,1	96,8,1			96,8,1	96,8,1	96,8,1			64,8,1	64,8,1			104,8,1	120,8,1			96,8,1	104,8,1	104,8,1					96,8,1	96,8,1	80,8,1			96,8,1	112,8,1	112,8,1	96,8,1	80,8,1	96,8,1	112,8,1	96,8,1	48,8,1	112,8,1	112,8,1	112,8,1
NguyÖt KhuyƠt DËt ¶nh KiƠm	80,8,1	64,8,1	64,8,1	96,8,1			96,8,1	96,8,1	96,8,1			96,8,1	96,8,1	96,8,1			64,8,1	64,8,1			104,8,1	120,8,1			96,8,1	104,8,1	104,8,1					96,8,1	96,8,1	80,8,1			96,8,1	112,8,1	112,8,1	96,8,1	80,8,1	96,8,1	112,8,1	96,8,1	48,8,1	112,8,1	112,8,1	112,8,1
NguyÖt KhuyƠt Thanh Phong KiƠm	80,8,1	64,8,1	64,8,1	96,8,1			96,8,1	96,8,1	96,8,1			96,8,1	96,8,1	96,8,1			64,8,1	64,8,1			104,8,1	120,8,1			96,8,1	104,8,1	104,8,1					96,8,1	96,8,1	80,8,1			96,8,1	112,8,1	112,8,1	96,8,1	80,8,1	96,8,1	112,8,1	96,8,1	48,8,1	112,8,1	112,8,1	112,8,1
DiÖu D­¬ng Méng Long Trỉn Thñ																																																
DiÖu D­¬ng Phôc Ma Ph¸p C«n																																																
DiÖu D­¬ng T­ Kh«ng Giíi §ao																																																
DiÖu D­¬ng H¸m Thiªn ThÇn Chïy	80,8,1	64,8,1	64,8,1			64,8,1	96,8,1	96,8,1			96,8,1	96,8,1	96,8,1			96,8,1	64,8,1			48,8,1	104,8,1			80,8,1	96,8,1					128,8,1	96,8,1		96,8,1			80,8,1	96,8,1	112,8,1	112,8,1	96,8,1	80,8,1	96,8,1	112,8,1	96,8,1	48,8,1	112,8,1	112,8,1	112,8,1
DiÖu D­¬ng KƠ NghiÖp Th­¬ng	80,8,1	64,8,1	64,8,1		64,8,1		96,8,1	96,8,1		96,8,1		96,8,1	96,8,1		96,8,1		64,8,1		48,8,1		104,8,1		80,8,1		96,8,1			104,8,1	96,8,1				96,8,1		96,8,1		96,8,1	112,8,1	112,8,1	96,8,1	80,8,1	96,8,1	112,8,1	96,8,1	48,8,1	112,8,1	112,8,1	112,8,1
DiÖu D­¬ng Ngù Long B¶o §ao	80,8,1	64,8,1	64,8,1	96,8,1			96,8,1	96,8,1	96,8,1			96,8,1	96,8,1	96,8,1			64,8,1	64,8,1			104,8,1	120,8,1			96,8,1	104,8,1	104,8,1					96,8,1	96,8,1	80,8,1			96,8,1	112,8,1	112,8,1	96,8,1	80,8,1	96,8,1	112,8,1	96,8,1	48,8,1	112,8,1	112,8,1	112,8,1
DiÖu D­¬ng V« Gian B¶o KiƠm	80,8,1	64,8,1	64,8,1	96,8,1			96,8,1	96,8,1	96,8,1			96,8,1	96,8,1	96,8,1			64,8,1	64,8,1			104,8,1	120,8,1			96,8,1	104,8,1	104,8,1					96,8,1	96,8,1	80,8,1			96,8,1	112,8,1	112,8,1	96,8,1	80,8,1	96,8,1	112,8,1	96,8,1	48,8,1	112,8,1	112,8,1	112,8,1
DiÖu D­¬ng V« Ma Trỉn Thñ	80,8,1	64,8,1	64,8,1	96,8,1	64,8,1	64,8,1	96,8,1	96,8,1	96,8,1	96,8,1	96,8,1	96,8,1	96,8,1	96,8,1	96,8,1	96,8,1	64,8,1	64,8,1	48,8,1	48,8,1	104,8,1	120,8,1	80,8,1	80,8,1	96,8,1	104,8,1	104,8,1	104,8,1	96,8,1	128,8,1	96,8,1	96,8,1	96,8,1	80,8,1	96,8,1	80,8,1	96,8,1	112,8,1	112,8,1	96,8,1	80,8,1	96,8,1	112,8,1	96,8,1	48,8,1	112,8,1	112,8,1	112,8,1
DiÖu D­¬ng Tª Hoµng B¶o §ao	80,8,1	64,8,1	64,8,1	96,8,1			96,8,1	96,8,1	96,8,1			96,8,1	96,8,1	96,8,1			64,8,1	64,8,1			104,8,1	120,8,1			96,8,1	104,8,1	104,8,1					96,8,1	96,8,1	80,8,1			96,8,1	112,8,1	112,8,1	96,8,1	80,8,1	96,8,1	112,8,1	96,8,1	48,8,1	112,8,1	112,8,1	112,8,1
DiÖu D­¬ng BƯch H¶i Uyªn ¦¬ng §ao	80,8,1	64,8,1	64,8,1			64,8,1	96,8,1	96,8,1			88,8,1	96,8,1	96,8,1			96,8,1	64,8,1			48,8,1	104,8,1			80,8,1	96,8,1					128,8,1	96,8,1		96,8,1			80,8,1	96,8,1	112,8,1	112,8,1	96,8,1	80,8,1	96,8,1	112,8,1	96,8,1	48,8,1	112,8,1	112,8,1	112,8,1
DiÖu D­¬ng U Lung Trỉn Thñ	80,8,1	64,8,1	64,8,1	96,8,1	64,8,1	64,8,1	96,8,1	96,8,1	96,8,1	96,8,1	96,8,1	96,8,1	96,8,1	96,8,1	96,8,1	96,8,1	64,8,1	64,8,1	48,8,1	48,8,1	104,8,1	120,8,1	80,8,1	80,8,1	96,8,1	104,8,1	104,8,1	104,8,1	96,8,1	128,8,1	96,8,1	96,8,1	96,8,1	80,8,1	96,8,1	80,8,1	96,8,1	112,8,1	112,8,1	96,8,1	80,8,1	96,8,1	112,8,1	96,8,1	48,8,1	112,8,1	112,8,1	112,8,1
DiÖu D­¬ng Minh ¶o HuyƠt NhËn	80,8,1	64,8,1	64,8,1	96,8,1			96,8,1	96,8,1	96,8,1			96,8,1	96,8,1	96,8,1			64,8,1	64,8,1			104,8,1	120,8,1			96,8,1	104,8,1	104,8,1					96,8,1	96,8,1	80,8,1			96,8,1	112,8,1	112,8,1	96,8,1	80,8,1	96,8,1	112,8,1	96,8,1	48,8,1	112,8,1	112,8,1	112,8,1
DiÖu D­¬ng B¨ng Hµn Phi §ao	80,8,1	64,8,1	64,8,1	96,8,1	64,8,1	64,8,1	96,8,1	96,8,1	96,8,1	96,8,1	96,8,1	96,8,1	96,8,1	96,8,1	96,8,1	96,8,1	64,8,1	64,8,1	48,8,1	48,8,1	104,8,1	120,8,1	80,8,1	80,8,1	96,8,1	104,8,1	104,8,1	104,8,1	96,8,1	128,8,1	96,8,1	96,8,1	96,8,1	80,8,1	96,8,1	80,8,1	96,8,1	112,8,1	112,8,1	96,8,1	80,8,1	96,8,1	112,8,1	96,8,1	48,8,1	112,8,1	112,8,1	112,8,1
DiÖu D­¬ng Thiªn Quang Tô TiÔn	80,8,1	64,8,1	64,8,1	96,8,1	64,8,1	64,8,1	96,8,1	96,8,1	96,8,1	96,8,1	96,8,1	96,8,1	96,8,1	96,8,1	96,8,1	96,8,1	64,8,1	64,8,1	48,8,1	48,8,1	104,8,1	120,8,1	80,8,1	80,8,1	96,8,1	104,8,1	104,8,1	104,8,1	96,8,1	128,8,1	96,8,1	96,8,1	96,8,1	80,8,1	96,8,1	80,8,1	96,8,1	112,8,1	112,8,1	96,8,1	80,8,1	96,8,1	112,8,1	96,8,1	48,8,1	112,8,1	112,8,1	112,8,1
DiÖu D­¬ng S©m Hoang Phi Tiªu	80,8,1	64,8,1	64,8,1	96,8,1	64,8,1	64,8,1	96,8,1	96,8,1	96,8,1	96,8,1	96,8,1	96,8,1	96,8,1	96,8,1	96,8,1	96,8,1	64,8,1	64,8,1	48,8,1	48,8,1	104,8,1	120,8,1	80,8,1	80,8,1	96,8,1	104,8,1	104,8,1	104,8,1	96,8,1	128,8,1	96,8,1	96,8,1	96,8,1	80,8,1	96,8,1	80,8,1	96,8,1	112,8,1	112,8,1	96,8,1	80,8,1	96,8,1	112,8,1	96,8,1	48,8,1	112,8,1	112,8,1	112,8,1
DiÖu D­¬ng §ång Cơu Trỉn Thñ	80,8,1	64,8,1	64,8,1	96,8,1	64,8,1	64,8,1	96,8,1	96,8,1	96,8,1	96,8,1	96,8,1	96,8,1	96,8,1	96,8,1	96,8,1	96,8,1	64,8,1	64,8,1	48,8,1	48,8,1	104,8,1	120,8,1	80,8,1	80,8,1	96,8,1	104,8,1	104,8,1	104,8,1	96,8,1	128,8,1	96,8,1	96,8,1	96,8,1	80,8,1	96,8,1	80,8,1	96,8,1	112,8,1	112,8,1	96,8,1	80,8,1	96,8,1	112,8,1	96,8,1	48,8,1	112,8,1	112,8,1	112,8,1
DiÖu D­¬ng §̃ch Kh¸i Tr­îng	80,8,1	64,8,1	64,8,1	96,8,1	64,8,1		96,8,1	96,8,1	96,8,1	96,8,1		96,8,1	96,8,1	96,8,1	96,8,1		64,8,1	64,8,1	48,8,1		104,8,1	120,8,1	80,8,1		96,8,1	104,8,1	104,8,1	104,8,1	96,8,1			96,8,1	96,8,1	80,8,1	96,8,1		96,8,1	112,8,1	112,8,1	96,8,1	80,8,1	96,8,1	112,8,1	96,8,1	48,8,1	112,8,1	112,8,1	112,8,1
DiÖu D­¬ng Ma S¸t Th­¬ng	80,8,1	64,8,1	64,8,1	96,8,1	64,8,1		96,8,1	96,8,1	96,8,1	96,8,1		96,8,1	96,8,1	96,8,1	96,8,1		64,8,1	64,8,1	48,8,1		104,8,1	120,8,1	80,8,1		96,8,1	104,8,1	104,8,1	104,8,1	96,8,1			96,8,1	96,8,1	80,8,1	96,8,1		96,8,1	112,8,1	112,8,1	96,8,1	80,8,1	96,8,1	112,8,1	96,8,1	48,8,1	112,8,1	112,8,1	112,8,1
DiÖu D­¬ng Ma Hoµng B¶o §ao	80,8,1	64,8,1	64,8,1	96,8,1			96,8,1	96,8,1	96,8,1			96,8,1	96,8,1	96,8,1			64,8,1	64,8,1			104,8,1	120,8,1			96,8,1	104,8,1	104,8,1					96,8,1	96,8,1	80,8,1			96,8,1	112,8,1	112,8,1	96,8,1	80,8,1	96,8,1	112,8,1	96,8,1	48,8,1	112,8,1	112,8,1	112,8,1
DiÖu D­¬ng L¨ng Nh¹c ThÇn KiƠm	80,8,1	64,8,1	64,8,1	96,8,1			96,8,1	96,8,1	96,8,1			96,8,1	96,8,1	96,8,1			64,8,1	64,8,1			104,8,1	120,8,1			96,8,1	104,8,1	104,8,1					96,8,1	96,8,1	80,8,1			96,8,1	112,8,1	112,8,1	96,8,1	80,8,1	96,8,1	112,8,1	96,8,1	48,8,1	112,8,1	112,8,1	112,8,1
DiÖu D­¬ng CËp Phong ThÇn KiƠm	80,8,1	64,8,1	64,8,1	96,8,1			96,8,1	96,8,1	96,8,1			96,8,1	96,8,1	96,8,1			64,8,1	64,8,1			104,8,1	120,8,1			96,8,1	104,8,1	104,8,1					96,8,1	96,8,1	80,8,1			96,8,1	112,8,1	112,8,1	96,8,1	80,8,1	96,8,1	112,8,1	96,8,1	48,8,1	112,8,1	112,8,1	112,8,1
DiÖu D­¬ng S­¬ng Tinh B¶o §ao	80,8,1	64,8,1	64,8,1	96,8,1			96,8,1	96,8,1	96,8,1			96,8,1	96,8,1	96,8,1			64,8,1	64,8,1			104,8,1	120,8,1			96,8,1	104,8,1	104,8,1					96,8,1	96,8,1	80,8,1			96,8,1	112,8,1	112,8,1	96,8,1	80,8,1	96,8,1	112,8,1	96,8,1	48,8,1	112,8,1	112,8,1	112,8,1
DiÖu D­¬ng L«i Khung ThÇn KiƠm	80,8,1	64,8,1	64,8,1	96,8,1			96,8,1	96,8,1	96,8,1			96,8,1	96,8,1	96,8,1			64,8,1	64,8,1			104,8,1	120,8,1			96,8,1	104,8,1	104,8,1					96,8,1	96,8,1	80,8,1			96,8,1	112,8,1	112,8,1	96,8,1	80,8,1	96,8,1	112,8,1	96,8,1	48,8,1	112,8,1	112,8,1	112,8,1
DiÖu D­¬ng Phï V©n KiƠm	80,8,1	64,8,1	64,8,1	96,8,1			96,8,1	96,8,1	96,8,1			96,8,1	96,8,1	96,8,1			64,8,1	64,8,1			104,8,1	120,8,1			96,8,1	104,8,1	104,8,1					96,8,1	96,8,1	80,8,1			96,8,1	112,8,1	112,8,1	96,8,1	80,8,1	96,8,1	112,8,1	96,8,1	48,8,1	112,8,1	112,8,1	112,8,1
DiÖu D­¬ng Xung V©n KiƠm	80,8,1	64,8,1	64,8,1	96,8,1			96,8,1	96,8,1	96,8,1			96,8,1	96,8,1	96,8,1			64,8,1	64,8,1			104,8,1	120,8,1			96,8,1	104,8,1	104,8,1					96,8,1	96,8,1	80,8,1			96,8,1	112,8,1	112,8,1	96,8,1	80,8,1	96,8,1	112,8,1	96,8,1	48,8,1	112,8,1	112,8,1	112,8,1
null																																																
