EqName	FreeStand1	FreeStand2	FreeStand3	MeleeWStand	RangeWStand	DoubleWStand	FreeWalk	NormalWalk	MeleeWWalk	RangeWWalk	DoubleWWalk	FreeRun	NormalRun	MeleeWRun	RangeWRun	DoubleWRun	FreeWound	MeleeWWound	RangeWWound	DoubleWWound	FreeDie	MeleeWDie	RangeWDie	DoubleWDie	FreeAttack	MeleeWPuncture	MeleeWCut	RangeWPuncture	RangeWCut	DoubleWPull	DoubleWPound	DartThrow	FreeMagic	MeleeWMagic	RangeWMagic	DoubleWMagic	SitDown	Jump	RideStand	RideWalk	RideRun	RideCut	RidePuncture	RideMagic	RideWound	RideDie	RideStand1	RideStand2
Tay kh«ng	120,8,1	120,8,1	88,8,1				120,8,1	120,8,1				88,8,1	88,8,1				72,8,1				96,8,1				144,8,1							128,8,1	96,8,1				72,8,1	160,8,1	112,8,1	96,8,1	80,8,1	96,8,1	112,8,1	96,8,1	48,8,1	112,8,1	112,8,1	112,8,1
®¬n thс kiХm 1	120,8,1	120,8,1	88,8,1	88,8,1			120,8,1	120,8,1	120,8,1			88,8,1	88,8,1	88,8,1			72,8,1	64,8,1			96,8,1	88,8,1			144,8,1	128,8,1	112,8,1						96,8,1	96,8,1			72,8,1	160,8,1	112,8,1	96,8,1	80,8,1	96,8,1	112,8,1	96,8,1	48,8,1	112,8,1	112,8,1	112,8,1
®¬n thс kiХm 2	120,8,1	120,8,1	88,8,1	88,8,1			120,8,1	120,8,1	120,8,1			88,8,1	88,8,1	88,8,1			72,8,1	64,8,1			96,8,1	88,8,1			144,8,1	128,8,1	112,8,1						96,8,1	96,8,1			72,8,1	160,8,1	112,8,1	96,8,1	80,8,1	96,8,1	112,8,1	96,8,1	48,8,1	112,8,1	112,8,1	112,8,1
®¬n thс kiХm 3	120,8,1	120,8,1	88,8,1	88,8,1			120,8,1	120,8,1	120,8,1			88,8,1	88,8,1	88,8,1			72,8,1	64,8,1			96,8,1	88,8,1			144,8,1	128,8,1	112,8,1						96,8,1	96,8,1			72,8,1	160,8,1	112,8,1	96,8,1	80,8,1	96,8,1	112,8,1	96,8,1	48,8,1	112,8,1	112,8,1	112,8,1
®¬n thс ®ao 1	120,8,1	120,8,1	88,8,1	88,8,1			120,8,1	120,8,1	120,8,1			88,8,1	88,8,1	88,8,1			72,8,1	64,8,1			96,8,1	88,8,1			144,8,1	128,8,1	112,8,1						96,8,1	96,8,1			72,8,1	160,8,1	112,8,1	96,8,1	80,8,1	96,8,1	112,8,1	96,8,1	48,8,1	112,8,1	112,8,1	112,8,1
®¬n thс ®ao 2	120,8,1	120,8,1	88,8,1	88,8,1			120,8,1	120,8,1	120,8,1			88,8,1	88,8,1	88,8,1			72,8,1	64,8,1			96,8,1	88,8,1			144,8,1	128,8,1	112,8,1						96,8,1	96,8,1			72,8,1	160,8,1	112,8,1	96,8,1	80,8,1	96,8,1	112,8,1	96,8,1	48,8,1	112,8,1	112,8,1	112,8,1
®¬n thс ®ao 3	120,8,1	120,8,1	88,8,1	88,8,1			120,8,1	120,8,1	120,8,1			88,8,1	88,8,1	88,8,1			72,8,1	64,8,1			96,8,1	88,8,1			144,8,1	128,8,1	112,8,1						96,8,1	96,8,1			72,8,1	160,8,1	112,8,1	96,8,1	80,8,1	96,8,1	112,8,1	96,8,1	48,8,1	112,8,1	112,8,1	112,8,1
Lo№i tr­кng th­¬ng 1	120,8,1	120,8,1	88,8,1		88,8,1		120,8,1	120,8,1		120,8,1		88,8,1	88,8,1		88,8,1		72,8,1		56,8,1		96,8,1		120,8,1		144,8,1			96,8,1	96,8,1				96,8,1		104,8,1		72,8,1	160,8,1	112,8,1	96,8,1	80,8,1	96,8,1	112,8,1	96,8,1	48,8,1	112,8,1	112,8,1	112,8,1
Lo№i tr­кng th­¬ng 2	120,8,1	120,8,1	88,8,1		88,8,1		120,8,1	120,8,1		120,8,1		88,8,1	88,8,1		88,8,1		72,8,1		56,8,1		96,8,1		120,8,1		144,8,1			96,8,1	96,8,1				96,8,1		104,8,1		72,8,1	160,8,1	112,8,1	96,8,1	80,8,1	96,8,1	112,8,1	96,8,1	48,8,1	112,8,1	112,8,1	112,8,1
Lo№i tr­кng th­¬ng 3	120,8,1	120,8,1	88,8,1		88,8,1		120,8,1	120,8,1		120,8,1		88,8,1	88,8,1		88,8,1		72,8,1		56,8,1		96,8,1		120,8,1		144,8,1			96,8,1	96,8,1				96,8,1		104,8,1		72,8,1	160,8,1	112,8,1	96,8,1	80,8,1	96,8,1	112,8,1	96,8,1	48,8,1	112,8,1	112,8,1	112,8,1
Lo№i tr­кng c«n 1	120,8,1	120,8,1	88,8,1		88,8,1		120,8,1	120,8,1		120,8,1		88,8,1	88,8,1		88,8,1		72,8,1		56,8,1		96,8,1		120,8,1		144,8,1			96,8,1	96,8,1				96,8,1		104,8,1		72,8,1	160,8,1	112,8,1	96,8,1	80,8,1	96,8,1	112,8,1	96,8,1	48,8,1	112,8,1	112,8,1	112,8,1
Lo№i tr­кng c«n 2	120,8,1	120,8,1	88,8,1		88,8,1		120,8,1	120,8,1		120,8,1		88,8,1	88,8,1		88,8,1		72,8,1		56,8,1		96,8,1		120,8,1		144,8,1			96,8,1	96,8,1				96,8,1		104,8,1		72,8,1	160,8,1	112,8,1	96,8,1	80,8,1	96,8,1	112,8,1	96,8,1	48,8,1	112,8,1	112,8,1	112,8,1
Lo№i tr­кng c«n 3	120,8,1	120,8,1	88,8,1		88,8,1		120,8,1	120,8,1		120,8,1		88,8,1	88,8,1		88,8,1		72,8,1		56,8,1		96,8,1		120,8,1		144,8,1			96,8,1	96,8,1				96,8,1		104,8,1		72,8,1	160,8,1	112,8,1	96,8,1	80,8,1	96,8,1	112,8,1	96,8,1	48,8,1	112,8,1	112,8,1	112,8,1
Lo№i Song kiХm 1	120,8,1	120,8,1	88,8,1			88,8,1	120,8,1	120,8,1			120,8,1	88,8,1	88,8,1			88,8,1	72,8,1			96,8,1	96,8,1			144,8,1	144,8,1					128,8,1	96,8,1		96,8,1			128,8,1	72,8,1	160,8,1	112,8,1	96,8,1	80,8,1	96,8,1	112,8,1	96,8,1	48,8,1	112,8,1	112,8,1	112,8,1
Lo№i Song kiХm 2	120,8,1	120,8,1	88,8,1			88,8,1	120,8,1	120,8,1			120,8,1	88,8,1	88,8,1			88,8,1	72,8,1			96,8,1	96,8,1			144,8,1	144,8,1					128,8,1	96,8,1		96,8,1			128,8,1	72,8,1	160,8,1	112,8,1	96,8,1	80,8,1	96,8,1	112,8,1	96,8,1	48,8,1	112,8,1	112,8,1	112,8,1
Lo№i Song kiХm 3	120,8,1	120,8,1	88,8,1			88,8,1	120,8,1	120,8,1			120,8,1	88,8,1	88,8,1			88,8,1	72,8,1			96,8,1	96,8,1			144,8,1	144,8,1					128,8,1	96,8,1		96,8,1			128,8,1	72,8,1	160,8,1	112,8,1	96,8,1	80,8,1	96,8,1	112,8,1	96,8,1	48,8,1	112,8,1	112,8,1	112,8,1
Lo№i Song chпy 1	120,8,1	120,8,1	88,8,1			88,8,1	120,8,1	120,8,1			120,8,1	88,8,1	88,8,1			88,8,1	72,8,1			96,8,1	96,8,1			144,8,1	144,8,1					128,8,1	96,8,1		96,8,1			128,8,1	72,8,1	160,8,1	112,8,1	96,8,1	80,8,1	96,8,1	112,8,1	96,8,1	48,8,1	112,8,1	112,8,1	112,8,1
Lo№i Song chпy 2	120,8,1	120,8,1	88,8,1			88,8,1	120,8,1	120,8,1			120,8,1	88,8,1	88,8,1			88,8,1	72,8,1			96,8,1	96,8,1			144,8,1	144,8,1					128,8,1	96,8,1		96,8,1			128,8,1	72,8,1	160,8,1	112,8,1	96,8,1	80,8,1	96,8,1	112,8,1	96,8,1	48,8,1	112,8,1	112,8,1	112,8,1
Lo№i Song chпy 3	120,8,1	120,8,1	88,8,1			88,8,1	120,8,1	120,8,1			120,8,1	88,8,1	88,8,1			88,8,1	72,8,1			96,8,1	96,8,1			144,8,1	144,8,1					128,8,1	96,8,1		96,8,1			128,8,1	72,8,1	160,8,1	112,8,1	96,8,1	80,8,1	96,8,1	112,8,1	96,8,1	48,8,1	112,8,1	112,8,1	112,8,1
ёm khЭ 	120,8,1	120,8,1	88,8,1				120,8,1	120,8,1				88,8,1	88,8,1				72,8,1				96,8,1				144,8,1							128,8,1	96,8,1				72,8,1	160,8,1	112,8,1	96,8,1	80,8,1	96,8,1	112,8,1	96,8,1	48,8,1	112,8,1	112,8,1	112,8,1
®¬n thс kiХm 4	120,8,1	120,8,1	88,8,1	88,8,1			120,8,1	120,8,1	120,8,1			88,8,1	88,8,1	88,8,1			72,8,1	64,8,1			96,8,1	88,8,1			144,8,1	128,8,1	112,8,1						96,8,1	96,8,1			72,8,1	160,8,1	112,8,1	96,8,1	80,8,1	96,8,1	112,8,1	96,8,1	48,8,1	112,8,1	112,8,1	112,8,1
®¬n thс kiХm 5	120,8,1	120,8,1	88,8,1	88,8,1			120,8,1	120,8,1	120,8,1			88,8,1	88,8,1	88,8,1			72,8,1	64,8,1			96,8,1	88,8,1			144,8,1	128,8,1	112,8,1						96,8,1	96,8,1			72,8,1	160,8,1	112,8,1	96,8,1	80,8,1	96,8,1	112,8,1	96,8,1	48,8,1	112,8,1	112,8,1	112,8,1
®¬n thс ®ao 4	120,8,1	120,8,1	88,8,1	88,8,1			120,8,1	120,8,1	120,8,1			88,8,1	88,8,1	88,8,1			72,8,1	64,8,1			96,8,1	88,8,1			144,8,1	128,8,1	112,8,1						96,8,1	96,8,1			72,8,1	160,8,1	112,8,1	96,8,1	80,8,1	96,8,1	112,8,1	96,8,1	48,8,1	112,8,1	112,8,1	112,8,1
®¬n thс ®ao 5	120,8,1	120,8,1	88,8,1	88,8,1			120,8,1	120,8,1	120,8,1			88,8,1	88,8,1	88,8,1			72,8,1	64,8,1			96,8,1	88,8,1			144,8,1	128,8,1	112,8,1						96,8,1	96,8,1			72,8,1	160,8,1	112,8,1	96,8,1	80,8,1	96,8,1	112,8,1	96,8,1	48,8,1	112,8,1	112,8,1	112,8,1
Lo№i tr­кng th­¬ng 4	120,8,1	120,8,1	88,8,1		88,8,1		120,8,1	120,8,1		120,8,1		88,8,1	88,8,1		88,8,1		72,8,1		56,8,1		96,8,1		120,8,1		144,8,1			96,8,1	96,8,1				96,8,1		104,8,1		72,8,1	160,8,1	112,8,1	96,8,1	80,8,1	96,8,1	112,8,1	96,8,1	48,8,1	112,8,1	112,8,1	112,8,1
Lo№i tr­кng th­¬ng 5	120,8,1	120,8,1	88,8,1		88,8,1		120,8,1	120,8,1		120,8,1		88,8,1	88,8,1		88,8,1		72,8,1		56,8,1		96,8,1		120,8,1		144,8,1			96,8,1	96,8,1				96,8,1		104,8,1		72,8,1	160,8,1	112,8,1	96,8,1	80,8,1	96,8,1	112,8,1	96,8,1	48,8,1	112,8,1	112,8,1	112,8,1
Lo№i tr­кng c«n 4	120,8,1	120,8,1	88,8,1		88,8,1		120,8,1	120,8,1		120,8,1		88,8,1	88,8,1		88,8,1		72,8,1		56,8,1		96,8,1		120,8,1		144,8,1			96,8,1	96,8,1				96,8,1		104,8,1		72,8,1	160,8,1	112,8,1	96,8,1	80,8,1	96,8,1	112,8,1	96,8,1	48,8,1	112,8,1	112,8,1	112,8,1
Lo№i tr­кng c«n 5	120,8,1	120,8,1	88,8,1		88,8,1		120,8,1	120,8,1		120,8,1		88,8,1	88,8,1		88,8,1		72,8,1		56,8,1		96,8,1		120,8,1		144,8,1			96,8,1	96,8,1				96,8,1		104,8,1		72,8,1	160,8,1	112,8,1	96,8,1	80,8,1	96,8,1	112,8,1	96,8,1	48,8,1	112,8,1	112,8,1	112,8,1
Lo№i Song kiХm 4	120,8,1	120,8,1	88,8,1			88,8,1	120,8,1	120,8,1			120,8,1	88,8,1	88,8,1			88,8,1	72,8,1			96,8,1	96,8,1			144,8,1	144,8,1					128,8,1	96,8,1		96,8,1			128,8,1	72,8,1	160,8,1	112,8,1	96,8,1	80,8,1	96,8,1	112,8,1	96,8,1	48,8,1	112,8,1	112,8,1	112,8,1
Lo№i Song kiХm 5	120,8,1	120,8,1	88,8,1			88,8,1	120,8,1	120,8,1			120,8,1	88,8,1	88,8,1			88,8,1	72,8,1			96,8,1	96,8,1			144,8,1	144,8,1					128,8,1	96,8,1		96,8,1			128,8,1	72,8,1	160,8,1	112,8,1	96,8,1	80,8,1	96,8,1	112,8,1	96,8,1	48,8,1	112,8,1	112,8,1	112,8,1
Lo№i Song chпy 4	120,8,1	120,8,1	88,8,1			88,8,1	120,8,1	120,8,1			120,8,1	88,8,1	88,8,1			88,8,1	72,8,1			96,8,1	96,8,1			144,8,1	144,8,1					128,8,1	96,8,1		96,8,1			128,8,1	72,8,1	160,8,1	112,8,1	96,8,1	80,8,1	96,8,1	112,8,1	96,8,1	48,8,1	112,8,1	112,8,1	112,8,1
Lo№i Song chпy 5	120,8,1	120,8,1	88,8,1			88,8,1	120,8,1	120,8,1			120,8,1	88,8,1	88,8,1			88,8,1	72,8,1			96,8,1	96,8,1			144,8,1	144,8,1					128,8,1	96,8,1		96,8,1			128,8,1	72,8,1	160,8,1	112,8,1	96,8,1	80,8,1	96,8,1	112,8,1	96,8,1	48,8,1	112,8,1	112,8,1	112,8,1
<<Оґ·­Тл>>	120,8,1	120,8,1	88,8,1	88,8,1			120,8,1	120,8,1	120,8,1			88,8,1	88,8,1	88,8,1			72,8,1	64,8,1			96,8,1	88,8,1			144,8,1	128,8,1	112,8,1						96,8,1	96,8,1			72,8,1	160,8,1	112,8,1	96,8,1	80,8,1	96,8,1	112,8,1	96,8,1	48,8,1	112,8,1	112,8,1	112,8,1
<<Оґ·­Тл>>	120,8,1	120,8,1	88,8,1	88,8,1			120,8,1	120,8,1	120,8,1			88,8,1	88,8,1	88,8,1			72,8,1	64,8,1			96,8,1	88,8,1			144,8,1	128,8,1	112,8,1						96,8,1	96,8,1			72,8,1	160,8,1	112,8,1	96,8,1	80,8,1	96,8,1	112,8,1	96,8,1	48,8,1	112,8,1	112,8,1	112,8,1
<<Оґ·­Тл>>	120,8,1	120,8,1	88,8,1	88,8,1			120,8,1	120,8,1	120,8,1			88,8,1	88,8,1	88,8,1			72,8,1	64,8,1			96,8,1	88,8,1			144,8,1	128,8,1	112,8,1						96,8,1	96,8,1			72,8,1	160,8,1	112,8,1	96,8,1	80,8,1	96,8,1	112,8,1	96,8,1	48,8,1	112,8,1	112,8,1	112,8,1
<<Оґ·­Тл>>	120,8,1	120,8,1	88,8,1	88,8,1			120,8,1	120,8,1	120,8,1			88,8,1	88,8,1	88,8,1			72,8,1	64,8,1			96,8,1	88,8,1			144,8,1	128,8,1	112,8,1						96,8,1	96,8,1			72,8,1	160,8,1	112,8,1	96,8,1	80,8,1	96,8,1	112,8,1	96,8,1	48,8,1	112,8,1	112,8,1	112,8,1
<<Оґ·­Тл>>	120,8,1	120,8,1	88,8,1	88,8,1			120,8,1	120,8,1	120,8,1			88,8,1	88,8,1	88,8,1			72,8,1	64,8,1			96,8,1	88,8,1			144,8,1	128,8,1	112,8,1						96,8,1	96,8,1			72,8,1	160,8,1	112,8,1	96,8,1	80,8,1	96,8,1	112,8,1	96,8,1	48,8,1	112,8,1	112,8,1	112,8,1
<<Оґ·­Тл>>	120,8,1	120,8,1	88,8,1	88,8,1			120,8,1	120,8,1	120,8,1			88,8,1	88,8,1	88,8,1			72,8,1	64,8,1			96,8,1	88,8,1			144,8,1	128,8,1	112,8,1						96,8,1	96,8,1			72,8,1	160,8,1	112,8,1	96,8,1	80,8,1	96,8,1	112,8,1	96,8,1	48,8,1	112,8,1	112,8,1	112,8,1
<<Оґ·­Тл>>	120,8,1	120,8,1	88,8,1		88,8,1		120,8,1	120,8,1		120,8,1		88,8,1	88,8,1		88,8,1		72,8,1		56,8,1		96,8,1		120,8,1		144,8,1			96,8,1	96,8,1				96,8,1		104,8,1		72,8,1	160,8,1	112,8,1	96,8,1	80,8,1	96,8,1	112,8,1	96,8,1	48,8,1	112,8,1	112,8,1	112,8,1
<<Оґ·­Тл>>	120,8,1	120,8,1	88,8,1		88,8,1		120,8,1	120,8,1		120,8,1		88,8,1	88,8,1		88,8,1		72,8,1		56,8,1		96,8,1		120,8,1		144,8,1			96,8,1	96,8,1				96,8,1		104,8,1		72,8,1	160,8,1	112,8,1	96,8,1	80,8,1	96,8,1	112,8,1	96,8,1	48,8,1	112,8,1	112,8,1	112,8,1
<<Оґ·­Тл>>	120,8,1	120,8,1	88,8,1		88,8,1		120,8,1	120,8,1		120,8,1		88,8,1	88,8,1		88,8,1		72,8,1		56,8,1		96,8,1		120,8,1		144,8,1			96,8,1	96,8,1				96,8,1		104,8,1		72,8,1	160,8,1	112,8,1	96,8,1	80,8,1	96,8,1	112,8,1	96,8,1	48,8,1	112,8,1	112,8,1	112,8,1
<<Оґ·­Тл>>	120,8,1	120,8,1	88,8,1		88,8,1		120,8,1	120,8,1		120,8,1		88,8,1	88,8,1		88,8,1		72,8,1		56,8,1		96,8,1		120,8,1		144,8,1			96,8,1	96,8,1				96,8,1		104,8,1		72,8,1	160,8,1	112,8,1	96,8,1	80,8,1	96,8,1	112,8,1	96,8,1	48,8,1	112,8,1	112,8,1	112,8,1
<<Оґ·­Тл>>	120,8,1	120,8,1	88,8,1			88,8,1	120,8,1	120,8,1			120,8,1	88,8,1	88,8,1			88,8,1	72,8,1			96,8,1	96,8,1			144,8,1	144,8,1					128,8,1	96,8,1		96,8,1			128,8,1	72,8,1	160,8,1	112,8,1	96,8,1	80,8,1	96,8,1	112,8,1	96,8,1	48,8,1	112,8,1	112,8,1	112,8,1
<<Оґ·­Тл>>	120,8,1	120,8,1	88,8,1			88,8,1	120,8,1	120,8,1			120,8,1	88,8,1	88,8,1			88,8,1	72,8,1			96,8,1	96,8,1			144,8,1	144,8,1					128,8,1	96,8,1		96,8,1			128,8,1	72,8,1	160,8,1	112,8,1	96,8,1	80,8,1	96,8,1	112,8,1	96,8,1	48,8,1	112,8,1	112,8,1	112,8,1
Л«ІшКЦ-Ѕр	120,8,1	120,8,1	88,8,1				120,8,1	120,8,1				88,8,1	88,8,1				72,8,1				96,8,1				144,8,1							128,8,1	96,8,1				72,8,1	160,8,1	112,8,1	96,8,1	80,8,1	96,8,1	112,8,1	96,8,1	48,8,1	112,8,1	112,8,1	112,8,1
Л«ІшКЦ-Л®	120,8,1	120,8,1	88,8,1				120,8,1	120,8,1				88,8,1	88,8,1				72,8,1				96,8,1				144,8,1							128,8,1	96,8,1				72,8,1	160,8,1	112,8,1	96,8,1	80,8,1	96,8,1	112,8,1	96,8,1	48,8,1	112,8,1	112,8,1	112,8,1
Л«ІшКЦ-Дѕ	120,8,1	120,8,1	88,8,1				120,8,1	120,8,1				88,8,1	88,8,1				72,8,1				96,8,1				144,8,1							128,8,1	96,8,1				72,8,1	160,8,1	112,8,1	96,8,1	80,8,1	96,8,1	112,8,1	96,8,1	48,8,1	112,8,1	112,8,1	112,8,1
Л«ІшКЦ-»р	120,8,1	120,8,1	88,8,1				120,8,1	120,8,1				88,8,1	88,8,1				72,8,1				96,8,1				144,8,1							128,8,1	96,8,1				72,8,1	160,8,1	112,8,1	96,8,1	80,8,1	96,8,1	112,8,1	96,8,1	48,8,1	112,8,1	112,8,1	112,8,1
і¤№ч-Ѕр№ч	120,8,1	120,8,1	88,8,1		88,8,1		120,8,1	120,8,1		120,8,1		88,8,1	88,8,1		88,8,1		72,8,1		56,8,1		96,8,1		120,8,1		144,8,1			96,8,1	96,8,1				96,8,1		104,8,1		72,8,1	160,8,1	112,8,1	96,8,1	80,8,1	96,8,1	112,8,1	96,8,1	48,8,1	112,8,1	112,8,1	112,8,1
і¤№ч-»р№ч	120,8,1	120,8,1	88,8,1		88,8,1		120,8,1	120,8,1		120,8,1		88,8,1	88,8,1		88,8,1		72,8,1		56,8,1		96,8,1		120,8,1		144,8,1			96,8,1	96,8,1				96,8,1		104,8,1		72,8,1	160,8,1	112,8,1	96,8,1	80,8,1	96,8,1	112,8,1	96,8,1	48,8,1	112,8,1	112,8,1	112,8,1
і¤З№-ЅрЗ№	120,8,1	120,8,1	88,8,1		88,8,1		120,8,1	120,8,1		120,8,1		88,8,1	88,8,1		88,8,1		72,8,1		56,8,1		96,8,1		120,8,1		144,8,1			96,8,1	96,8,1				96,8,1		104,8,1		72,8,1	160,8,1	112,8,1	96,8,1	80,8,1	96,8,1	112,8,1	96,8,1	48,8,1	112,8,1	112,8,1	112,8,1
і¤З№-»рЗ№	120,8,1	120,8,1	88,8,1		88,8,1		120,8,1	120,8,1		120,8,1		88,8,1	88,8,1		88,8,1		72,8,1		56,8,1		96,8,1		120,8,1		144,8,1			96,8,1	96,8,1				96,8,1		104,8,1		72,8,1	160,8,1	112,8,1	96,8,1	80,8,1	96,8,1	112,8,1	96,8,1	48,8,1	112,8,1	112,8,1	112,8,1
µҐКЦµ¶-Ѕр	120,8,1	120,8,1	88,8,1	88,8,1			120,8,1	120,8,1	120,8,1			88,8,1	88,8,1	88,8,1			72,8,1	64,8,1			96,8,1	88,8,1			144,8,1	128,8,1	112,8,1						96,8,1	96,8,1			72,8,1	160,8,1	112,8,1	96,8,1	80,8,1	96,8,1	112,8,1	96,8,1	48,8,1	112,8,1	112,8,1	112,8,1
µҐКЦµ¶-Дѕ	120,8,1	120,8,1	88,8,1	88,8,1			120,8,1	120,8,1	120,8,1			88,8,1	88,8,1	88,8,1			72,8,1	64,8,1			96,8,1	88,8,1			144,8,1	128,8,1	112,8,1						96,8,1	96,8,1			72,8,1	160,8,1	112,8,1	96,8,1	80,8,1	96,8,1	112,8,1	96,8,1	48,8,1	112,8,1	112,8,1	112,8,1
µҐКЦµ¶-Л®	120,8,1	120,8,1	88,8,1	88,8,1			120,8,1	120,8,1	120,8,1			88,8,1	88,8,1	88,8,1			72,8,1	64,8,1			96,8,1	88,8,1			144,8,1	128,8,1	112,8,1						96,8,1	96,8,1			72,8,1	160,8,1	112,8,1	96,8,1	80,8,1	96,8,1	112,8,1	96,8,1	48,8,1	112,8,1	112,8,1	112,8,1
µҐКЦ»рµ¶-»р	120,8,1	120,8,1	88,8,1	88,8,1			120,8,1	120,8,1	120,8,1			88,8,1	88,8,1	88,8,1			72,8,1	64,8,1			96,8,1	88,8,1			144,8,1	128,8,1	112,8,1						96,8,1	96,8,1			72,8,1	160,8,1	112,8,1	96,8,1	80,8,1	96,8,1	112,8,1	96,8,1	48,8,1	112,8,1	112,8,1	112,8,1
µҐКЦµ¶-АЧ	120,8,1	120,8,1	88,8,1	88,8,1			120,8,1	120,8,1	120,8,1			88,8,1	88,8,1	88,8,1			72,8,1	64,8,1			96,8,1	88,8,1			144,8,1	128,8,1	112,8,1						96,8,1	96,8,1			72,8,1	160,8,1	112,8,1	96,8,1	80,8,1	96,8,1	112,8,1	96,8,1	48,8,1	112,8,1	112,8,1	112,8,1
µҐКЦЅЈ-Л®	120,8,1	120,8,1	88,8,1	88,8,1			120,8,1	120,8,1	120,8,1			88,8,1	88,8,1	88,8,1			72,8,1	64,8,1			96,8,1	88,8,1			144,8,1	128,8,1	112,8,1						96,8,1	96,8,1			72,8,1	160,8,1	112,8,1	96,8,1	80,8,1	96,8,1	112,8,1	96,8,1	48,8,1	112,8,1	112,8,1	112,8,1
µҐКЦЅЈ-АЧ	120,8,1	120,8,1	88,8,1	88,8,1			120,8,1	120,8,1	120,8,1			88,8,1	88,8,1	88,8,1			72,8,1	64,8,1			96,8,1	88,8,1			144,8,1	128,8,1	112,8,1						96,8,1	96,8,1			72,8,1	160,8,1	112,8,1	96,8,1	80,8,1	96,8,1	112,8,1	96,8,1	48,8,1	112,8,1	112,8,1	112,8,1
µҐКЦАЧЅЈ-АЧ	120,8,1	120,8,1	88,8,1	88,8,1			120,8,1	120,8,1	120,8,1			88,8,1	88,8,1	88,8,1			72,8,1	64,8,1			96,8,1	88,8,1			144,8,1	128,8,1	112,8,1						96,8,1	96,8,1			72,8,1	160,8,1	112,8,1	96,8,1	80,8,1	96,8,1	112,8,1	96,8,1	48,8,1	112,8,1	112,8,1	112,8,1
Л«ґё-Ѕр	120,8,1	120,8,1	88,8,1			88,8,1	120,8,1	120,8,1			120,8,1	88,8,1	88,8,1			88,8,1	72,8,1			96,8,1	96,8,1			144,8,1	144,8,1					128,8,1	96,8,1		96,8,1			128,8,1	72,8,1	160,8,1	112,8,1	96,8,1	80,8,1	96,8,1	112,8,1	96,8,1	48,8,1	112,8,1	112,8,1	112,8,1
Л«µ¶-Л®	120,8,1	120,8,1	88,8,1			88,8,1	120,8,1	120,8,1			120,8,1	88,8,1	88,8,1			88,8,1	72,8,1			96,8,1	96,8,1			144,8,1	144,8,1					128,8,1	96,8,1		96,8,1			128,8,1	72,8,1	160,8,1	112,8,1	96,8,1	80,8,1	96,8,1	112,8,1	96,8,1	48,8,1	112,8,1	112,8,1	112,8,1
µҐКЦµ¶-·ў№в1	120,8,1	120,8,1	88,8,1	88,8,1			120,8,1	120,8,1	120,8,1			88,8,1	88,8,1	88,8,1			72,8,1	64,8,1			96,8,1	88,8,1			144,8,1	128,8,1	112,8,1						96,8,1	96,8,1			72,8,1	160,8,1	112,8,1	96,8,1	80,8,1	96,8,1	112,8,1	96,8,1	48,8,1	112,8,1	112,8,1	112,8,1
µҐКЦЅЈ-·ў№в1	120,8,1	120,8,1	88,8,1	88,8,1			120,8,1	120,8,1	120,8,1			88,8,1	88,8,1	88,8,1			72,8,1	64,8,1			96,8,1	88,8,1			144,8,1	128,8,1	112,8,1						96,8,1	96,8,1			72,8,1	160,8,1	112,8,1	96,8,1	80,8,1	96,8,1	112,8,1	96,8,1	48,8,1	112,8,1	112,8,1	112,8,1
µҐКЦ»рµ¶-·ў№в1	120,8,1	120,8,1	88,8,1	88,8,1			120,8,1	120,8,1	120,8,1			88,8,1	88,8,1	88,8,1			72,8,1	64,8,1			96,8,1	88,8,1			144,8,1	128,8,1	112,8,1						96,8,1	96,8,1			72,8,1	160,8,1	112,8,1	96,8,1	80,8,1	96,8,1	112,8,1	96,8,1	48,8,1	112,8,1	112,8,1	112,8,1
µҐКЦАЧЅЈ-·ў№в1	120,8,1	120,8,1	88,8,1	88,8,1			120,8,1	120,8,1	120,8,1			88,8,1	88,8,1	88,8,1			72,8,1	64,8,1			96,8,1	88,8,1			144,8,1	128,8,1	112,8,1						96,8,1	96,8,1			72,8,1	160,8,1	112,8,1	96,8,1	80,8,1	96,8,1	112,8,1	96,8,1	48,8,1	112,8,1	112,8,1	112,8,1
і¤№ч-·ў№в1	120,8,1	120,8,1	88,8,1		88,8,1		120,8,1	120,8,1		120,8,1		88,8,1	88,8,1		88,8,1		72,8,1		56,8,1		96,8,1		120,8,1		144,8,1			96,8,1	96,8,1				96,8,1		104,8,1		72,8,1	160,8,1	112,8,1	96,8,1	80,8,1	96,8,1	112,8,1	96,8,1	48,8,1	112,8,1	112,8,1	112,8,1
і¤З№-·ў№в1	120,8,1	120,8,1	88,8,1		88,8,1		120,8,1	120,8,1		120,8,1		88,8,1	88,8,1		88,8,1		72,8,1		56,8,1		96,8,1		120,8,1		144,8,1			96,8,1	96,8,1				96,8,1		104,8,1		72,8,1	160,8,1	112,8,1	96,8,1	80,8,1	96,8,1	112,8,1	96,8,1	48,8,1	112,8,1	112,8,1	112,8,1
Л«ґё-·ў№в1	120,8,1	120,8,1	88,8,1			88,8,1	120,8,1	120,8,1			120,8,1	88,8,1	88,8,1			88,8,1	72,8,1			96,8,1	96,8,1			144,8,1	144,8,1					128,8,1	96,8,1		96,8,1			128,8,1	72,8,1	160,8,1	112,8,1	96,8,1	80,8,1	96,8,1	112,8,1	96,8,1	48,8,1	112,8,1	112,8,1	112,8,1
Л«µ¶-·ў№в1	120,8,1	120,8,1	88,8,1			88,8,1	120,8,1	120,8,1			120,8,1	88,8,1	88,8,1			88,8,1	72,8,1			96,8,1	96,8,1			144,8,1	144,8,1					128,8,1	96,8,1		96,8,1			128,8,1	72,8,1	160,8,1	112,8,1	96,8,1	80,8,1	96,8,1	112,8,1	96,8,1	48,8,1	112,8,1	112,8,1	112,8,1
Л«ІшКЦ-·ў№в1	120,8,1	120,8,1	88,8,1				120,8,1	120,8,1				88,8,1	88,8,1				72,8,1				96,8,1				144,8,1							128,8,1	96,8,1				72,8,1	160,8,1	112,8,1	96,8,1	80,8,1	96,8,1	112,8,1	96,8,1	48,8,1	112,8,1	112,8,1	112,8,1
Л«Ч¦-·ў№в1	120,8,1	120,8,1	88,8,1				120,8,1	120,8,1				88,8,1	88,8,1				72,8,1				96,8,1				144,8,1							128,8,1	96,8,1				72,8,1	160,8,1	112,8,1	96,8,1	80,8,1	96,8,1	112,8,1	96,8,1	48,8,1	112,8,1	112,8,1	112,8,1
їХКЦ-·ў№в1	120,8,1	120,8,1	88,8,1				120,8,1	120,8,1				88,8,1	88,8,1				72,8,1				96,8,1				144,8,1							128,8,1	96,8,1				72,8,1	160,8,1	112,8,1	96,8,1	80,8,1	96,8,1	112,8,1	96,8,1	48,8,1	112,8,1	112,8,1	112,8,1
µҐКЦµ¶-·ў№в2	120,8,1	120,8,1	88,8,1	88,8,1			120,8,1	120,8,1	120,8,1			88,8,1	88,8,1	88,8,1			72,8,1	64,8,1			96,8,1	88,8,1			144,8,1	128,8,1	112,8,1						96,8,1	96,8,1			72,8,1	160,8,1	112,8,1	96,8,1	80,8,1	96,8,1	112,8,1	96,8,1	48,8,1	112,8,1	112,8,1	112,8,1
µҐКЦЅЈ-·ў№в2	120,8,1	120,8,1	88,8,1	88,8,1			120,8,1	120,8,1	120,8,1			88,8,1	88,8,1	88,8,1			72,8,1	64,8,1			96,8,1	88,8,1			144,8,1	128,8,1	112,8,1						96,8,1	96,8,1			72,8,1	160,8,1	112,8,1	96,8,1	80,8,1	96,8,1	112,8,1	96,8,1	48,8,1	112,8,1	112,8,1	112,8,1
µҐКЦ»рµ¶-·ў№в2	120,8,1	120,8,1	88,8,1	88,8,1			120,8,1	120,8,1	120,8,1			88,8,1	88,8,1	88,8,1			72,8,1	64,8,1			96,8,1	88,8,1			144,8,1	128,8,1	112,8,1						96,8,1	96,8,1			72,8,1	160,8,1	112,8,1	96,8,1	80,8,1	96,8,1	112,8,1	96,8,1	48,8,1	112,8,1	112,8,1	112,8,1
µҐКЦАЧЅЈ-·ў№в2	120,8,1	120,8,1	88,8,1	88,8,1			120,8,1	120,8,1	120,8,1			88,8,1	88,8,1	88,8,1			72,8,1	64,8,1			96,8,1	88,8,1			144,8,1	128,8,1	112,8,1						96,8,1	96,8,1			72,8,1	160,8,1	112,8,1	96,8,1	80,8,1	96,8,1	112,8,1	96,8,1	48,8,1	112,8,1	112,8,1	112,8,1
і¤№ч-·ў№в2	120,8,1	120,8,1	88,8,1		88,8,1		120,8,1	120,8,1		120,8,1		88,8,1	88,8,1		88,8,1		72,8,1		56,8,1		96,8,1		120,8,1		144,8,1			96,8,1	96,8,1				96,8,1		104,8,1		72,8,1	160,8,1	112,8,1	96,8,1	80,8,1	96,8,1	112,8,1	96,8,1	48,8,1	112,8,1	112,8,1	112,8,1
і¤З№-·ў№в2	120,8,1	120,8,1	88,8,1		88,8,1		120,8,1	120,8,1		120,8,1		88,8,1	88,8,1		88,8,1		72,8,1		56,8,1		96,8,1		120,8,1		144,8,1			96,8,1	96,8,1				96,8,1		104,8,1		72,8,1	160,8,1	112,8,1	96,8,1	80,8,1	96,8,1	112,8,1	96,8,1	48,8,1	112,8,1	112,8,1	112,8,1
Л«ґё-·ў№в2	120,8,1	120,8,1	88,8,1			88,8,1	120,8,1	120,8,1			120,8,1	88,8,1	88,8,1			88,8,1	72,8,1			96,8,1	96,8,1			144,8,1	144,8,1					128,8,1	96,8,1		96,8,1			128,8,1	72,8,1	160,8,1	112,8,1	96,8,1	80,8,1	96,8,1	112,8,1	96,8,1	48,8,1	112,8,1	112,8,1	112,8,1
Л«µ¶-·ў№в2	120,8,1	120,8,1	88,8,1			88,8,1	120,8,1	120,8,1			120,8,1	88,8,1	88,8,1			88,8,1	72,8,1			96,8,1	96,8,1			144,8,1	144,8,1					128,8,1	96,8,1		96,8,1			128,8,1	72,8,1	160,8,1	112,8,1	96,8,1	80,8,1	96,8,1	112,8,1	96,8,1	48,8,1	112,8,1	112,8,1	112,8,1
Л«ІшКЦ-·ў№в2	120,8,1	120,8,1	88,8,1				120,8,1	120,8,1				88,8,1	88,8,1				72,8,1				96,8,1				144,8,1							128,8,1	96,8,1				72,8,1	160,8,1	112,8,1	96,8,1	80,8,1	96,8,1	112,8,1	96,8,1	48,8,1	112,8,1	112,8,1	112,8,1
Л«Ч¦-·ў№в2	120,8,1	120,8,1	88,8,1				120,8,1	120,8,1				88,8,1	88,8,1				72,8,1				96,8,1				144,8,1							128,8,1	96,8,1				72,8,1	160,8,1	112,8,1	96,8,1	80,8,1	96,8,1	112,8,1	96,8,1	48,8,1	112,8,1	112,8,1	112,8,1
їХКЦ-·ў№в2	120,8,1	120,8,1	88,8,1				120,8,1	120,8,1				88,8,1	88,8,1				72,8,1				96,8,1				144,8,1							128,8,1	96,8,1				72,8,1	160,8,1	112,8,1	96,8,1	80,8,1	96,8,1	112,8,1	96,8,1	48,8,1	112,8,1	112,8,1	112,8,1
Minh Ph­оng Quy Y TriТn Thс	120,8,1	120,8,1	88,8,1				120,8,1	120,8,1				88,8,1	88,8,1				72,8,1				96,8,1				144,8,1							128,8,1	96,8,1				72,8,1	160,8,1	112,8,1	96,8,1	80,8,1	96,8,1	112,8,1	96,8,1	48,8,1	112,8,1	112,8,1	112,8,1
Minh Ph­оng Cщc L№c TЁng C«n	120,8,1	120,8,1	88,8,1		88,8,1		120,8,1	120,8,1		120,8,1		88,8,1	88,8,1		88,8,1		72,8,1		56,8,1		96,8,1		120,8,1		144,8,1			96,8,1	96,8,1				96,8,1		104,8,1		72,8,1	160,8,1	112,8,1	96,8,1	80,8,1	96,8,1	112,8,1	96,8,1	48,8,1	112,8,1	112,8,1	112,8,1
Minh Ph­оng H­ Kh«ng Giнi §ao	120,8,1	120,8,1	88,8,1	88,8,1			120,8,1	120,8,1	120,8,1			88,8,1	88,8,1	88,8,1			72,8,1	64,8,1			96,8,1	88,8,1			144,8,1	128,8,1	112,8,1						96,8,1	96,8,1			72,8,1	160,8,1	112,8,1	96,8,1	80,8,1	96,8,1	112,8,1	96,8,1	48,8,1	112,8,1	112,8,1	112,8,1
Minh Ph­оng ChiХn ThЗn Chпy	120,8,1	120,8,1	88,8,1			88,8,1	120,8,1	120,8,1			120,8,1	88,8,1	88,8,1			88,8,1	72,8,1			96,8,1	96,8,1			144,8,1	144,8,1					128,8,1	96,8,1		96,8,1			128,8,1	72,8,1	160,8,1	112,8,1	96,8,1	80,8,1	96,8,1	112,8,1	96,8,1	48,8,1	112,8,1	112,8,1	112,8,1
Minh Ph­оng Anh Hпng Th­¬ng	120,8,1	120,8,1	88,8,1		88,8,1		120,8,1	120,8,1		120,8,1		88,8,1	88,8,1		88,8,1		72,8,1		56,8,1		96,8,1		120,8,1		144,8,1			96,8,1	96,8,1				96,8,1		104,8,1		72,8,1	160,8,1	112,8,1	96,8,1	80,8,1	96,8,1	112,8,1	96,8,1	48,8,1	112,8,1	112,8,1	112,8,1
Minh Ph­оng Bё V­¬ng B¶o §ao	120,8,1	120,8,1	88,8,1	88,8,1			120,8,1	120,8,1	120,8,1			88,8,1	88,8,1	88,8,1			72,8,1	64,8,1			96,8,1	88,8,1			144,8,1	128,8,1	112,8,1						96,8,1	96,8,1			72,8,1	160,8,1	112,8,1	96,8,1	80,8,1	96,8,1	112,8,1	96,8,1	48,8,1	112,8,1	112,8,1	112,8,1
Minh Ph­оng T¶n Hoa Tr­кng KiХm																																																
Minh Ph­оng LЁng TiЄu TriТn Thс																																																
Minh Ph­оng V№n Hoa B¶o §ao																																																
Minh Ph­оng Ph­¬ng Hoa Song §ao																																																
Minh Ph­оng DiЄm La TriТn Thс	120,8,1	120,8,1	88,8,1				120,8,1	120,8,1				88,8,1	88,8,1				72,8,1				96,8,1				144,8,1							128,8,1	96,8,1				72,8,1	160,8,1	112,8,1	96,8,1	80,8,1	96,8,1	112,8,1	96,8,1	48,8,1	112,8,1	112,8,1	112,8,1
Minh Ph­оng Minh V­¬ng B¶o §ao	120,8,1	120,8,1	88,8,1	88,8,1			120,8,1	120,8,1	120,8,1			88,8,1	88,8,1	88,8,1			72,8,1	64,8,1			96,8,1	88,8,1			144,8,1	128,8,1	112,8,1						96,8,1	96,8,1			72,8,1	160,8,1	112,8,1	96,8,1	80,8,1	96,8,1	112,8,1	96,8,1	48,8,1	112,8,1	112,8,1	112,8,1
Minh Ph­оng LiФm DiЦm Phi §ao	120,8,1	120,8,1	88,8,1				120,8,1	120,8,1				88,8,1	88,8,1				72,8,1				96,8,1				144,8,1							128,8,1	96,8,1				72,8,1	160,8,1	112,8,1	96,8,1	80,8,1	96,8,1	112,8,1	96,8,1	48,8,1	112,8,1	112,8,1	112,8,1
Minh Ph­оng ThiЄn Hoang Tф TiФn	120,8,1	120,8,1	88,8,1				120,8,1	120,8,1				88,8,1	88,8,1				72,8,1				96,8,1				144,8,1							128,8,1	96,8,1				72,8,1	160,8,1	112,8,1	96,8,1	80,8,1	96,8,1	112,8,1	96,8,1	48,8,1	112,8,1	112,8,1	112,8,1
Minh Ph­оng ThiЄn KiЄu Phi TiЄu	120,8,1	120,8,1	88,8,1				120,8,1	120,8,1				88,8,1	88,8,1				72,8,1				96,8,1				144,8,1							128,8,1	96,8,1				72,8,1	160,8,1	112,8,1	96,8,1	80,8,1	96,8,1	112,8,1	96,8,1	48,8,1	112,8,1	112,8,1	112,8,1
Minh Ph­оng ThiХt HuyХt TriТn Thс	120,8,1	120,8,1	88,8,1				120,8,1	120,8,1				88,8,1	88,8,1				72,8,1				96,8,1				144,8,1							128,8,1	96,8,1				72,8,1	160,8,1	112,8,1	96,8,1	80,8,1	96,8,1	112,8,1	96,8,1	48,8,1	112,8,1	112,8,1	112,8,1
Minh Ph­оng Quang Phфc Tr­оng	120,8,1	120,8,1	88,8,1		88,8,1		120,8,1	120,8,1		120,8,1		88,8,1	88,8,1		88,8,1		72,8,1		56,8,1		96,8,1		120,8,1		144,8,1			96,8,1	96,8,1				96,8,1		104,8,1		72,8,1	160,8,1	112,8,1	96,8,1	80,8,1	96,8,1	112,8,1	96,8,1	48,8,1	112,8,1	112,8,1	112,8,1
Minh Ph­оng Dфc NhЛt Th­¬ng	120,8,1	120,8,1	88,8,1		88,8,1		120,8,1	120,8,1		120,8,1		88,8,1	88,8,1		88,8,1		72,8,1		56,8,1		96,8,1		120,8,1		144,8,1			96,8,1	96,8,1				96,8,1		104,8,1		72,8,1	160,8,1	112,8,1	96,8,1	80,8,1	96,8,1	112,8,1	96,8,1	48,8,1	112,8,1	112,8,1	112,8,1
Minh Ph­оng SЭ §Юa §ao	120,8,1	120,8,1	88,8,1	88,8,1			120,8,1	120,8,1	120,8,1			88,8,1	88,8,1	88,8,1			72,8,1	64,8,1			96,8,1	88,8,1			144,8,1	128,8,1	112,8,1						96,8,1	96,8,1			72,8,1	160,8,1	112,8,1	96,8,1	80,8,1	96,8,1	112,8,1	96,8,1	48,8,1	112,8,1	112,8,1	112,8,1
Minh Ph­оng Kh«ng Minh KiХm	120,8,1	120,8,1	88,8,1	88,8,1			120,8,1	120,8,1	120,8,1			88,8,1	88,8,1	88,8,1			72,8,1	64,8,1			96,8,1	88,8,1			144,8,1	128,8,1	112,8,1						96,8,1	96,8,1			72,8,1	160,8,1	112,8,1	96,8,1	80,8,1	96,8,1	112,8,1	96,8,1	48,8,1	112,8,1	112,8,1	112,8,1
Minh Ph­оng Bеng Lai KiХm	120,8,1	120,8,1	88,8,1	88,8,1			120,8,1	120,8,1	120,8,1			88,8,1	88,8,1	88,8,1			72,8,1	64,8,1			96,8,1	88,8,1			144,8,1	128,8,1	112,8,1						96,8,1	96,8,1			72,8,1	160,8,1	112,8,1	96,8,1	80,8,1	96,8,1	112,8,1	96,8,1	48,8,1	112,8,1	112,8,1	112,8,1
Minh Ph­оng Cцu ThiЄn Hµn ThiХt	120,8,1	120,8,1	88,8,1	88,8,1			120,8,1	120,8,1	120,8,1			88,8,1	88,8,1	88,8,1			72,8,1	64,8,1			96,8,1	88,8,1			144,8,1	128,8,1	112,8,1						96,8,1	96,8,1			72,8,1	160,8,1	112,8,1	96,8,1	80,8,1	96,8,1	112,8,1	96,8,1	48,8,1	112,8,1	112,8,1	112,8,1
Minh Ph­оng Tham Th­¬ng KiХm	120,8,1	120,8,1	88,8,1	88,8,1			120,8,1	120,8,1	120,8,1			88,8,1	88,8,1	88,8,1			72,8,1	64,8,1			96,8,1	88,8,1			144,8,1	128,8,1	112,8,1						96,8,1	96,8,1			72,8,1	160,8,1	112,8,1	96,8,1	80,8,1	96,8,1	112,8,1	96,8,1	48,8,1	112,8,1	112,8,1	112,8,1
Tц M·ng KХt L« KiХm	120,8,1	120,8,1	88,8,1	88,8,1			120,8,1	120,8,1	120,8,1			88,8,1	88,8,1	88,8,1			72,8,1	64,8,1			96,8,1	88,8,1			144,8,1	128,8,1	112,8,1						96,8,1	96,8,1			72,8,1	160,8,1	112,8,1	96,8,1	80,8,1	96,8,1	112,8,1	96,8,1	48,8,1	112,8,1	112,8,1	112,8,1
B№ch Hж Tц CЗm KiХm	120,8,1	120,8,1	88,8,1	88,8,1			120,8,1	120,8,1	120,8,1			88,8,1	88,8,1	88,8,1			72,8,1	64,8,1			96,8,1	88,8,1			144,8,1	128,8,1	112,8,1						96,8,1	96,8,1			72,8,1	160,8,1	112,8,1	96,8,1	80,8,1	96,8,1	112,8,1	96,8,1	48,8,1	112,8,1	112,8,1	112,8,1
Minh Ph­оng Tr№m Vт KiХm	120,8,1	120,8,1	88,8,1	88,8,1			120,8,1	120,8,1	120,8,1			88,8,1	88,8,1	88,8,1			72,8,1	64,8,1			96,8,1	88,8,1			144,8,1	128,8,1	112,8,1						96,8,1	96,8,1			72,8,1	160,8,1	112,8,1	96,8,1	80,8,1	96,8,1	112,8,1	96,8,1	48,8,1	112,8,1	112,8,1	112,8,1
§»ng Long Bе §Т TriТn Thс	120,1,1	120,1,1	88,8,1				120,8,1	120,8,1				88,8,1	88,8,1				72,8,1				96,8,1				144,8,1								96,8,1				72,8,1	160,8,1	112,1,1	96,1,1	80,1,1	96,1,1	112,1,1	96,1,1	48,1,1	112,1,1	112,1,1	112,1,1
§»ng Long Nh­ Lai Phёp C«n 	120,8,56	120,8,56	88,8,1		88,8,56		120,8,1	120,8,1		88,8,56		88,8,1	88,8,1		88,8,56		72,8,1		56,8,56		96,8,1				144,8,1			96,8,56	96,8,56				96,8,1		104,8,56		72,8,1	160,8,1	112,8,56	96,8,56	80,8,56	96,8,56	112,8,56	96,8,56	48,8,56		112,8,56	112,8,56
§»ng Long V« L­оng Giнi §ao	120,8,1	120,8,1	88,8,1	88,8,1			120,8,1	120,8,1	120,8,111			88,8,1	88,8,1	88,8,1			72,8,1	64,8,56			96,8,1	88,8,56			144,8,1	128,8,1	112,8,1						96,8,1	96,8,1			72,8,1	160,8,1	112,1,1	88,8,1	80,8,1	96,8,1	112,8,1	96,8,1	48,8,1	112,8,1	112,1,1	112,1,1
§»ng Long Khai ThiЄn ThЗn Chпy	120,8,1	120,8,1	88,8,1				120,8,1	120,8,1				88,8,1	88,8,1			88,1,1	72,8,1			96,1,1	96,8,1			144,1,1	144,8,1					128,1,1	96,1,1		96,8,1			128,1,1	72,8,1	160,8,1	112,1,1	96,1,1	80,1,1	96,1,1	112,1,1	96,1,1	48,1,1	112,1,1	112,1,1	112,1,1
§»ng Long TЮch §Юa Th­¬ng	120,8,56	120,8,56	88,8,1		88,8,56		120,8,1	120,8,1		88,8,56		88,8,1	88,8,1		88,8,56		72,8,1		56,8,56		96,8,1				144,8,1			96,8,56	96,8,56				96,8,1		104,8,56		72,8,1	160,8,1	112,8,56	96,8,56	80,8,56	96,8,56	112,8,56	96,8,56	48,8,56		112,8,56	112,8,56
§»ng Long Hзn NguyЄn B¶o §ao	120,8,1	120,8,1	88,8,1	88,8,1			120,8,1	120,8,1	120,8,1			88,8,1	88,8,1	88,8,1			72,8,1	64,8,1			96,8,1	88,8,1			144,8,1	128,8,1	112,8,1						96,8,1	96,8,1			72,8,1	160,8,1	112,8,1	88,1,1	80,8,1	96,8,1	112,8,1	96,8,1	48,8,1	112,8,1	112,8,1	112,8,1
§»ng Long Phi ThiЄn Tr­кng KiХm																																																
§»ng Long BЁng Phёch TriТn Thс																																																
§»ng Long Khuynh Thµnh B¶o §ao																																																
§»ng Long Bёch H­¬ng UyЄn ¦¬ng §ao																																																
§»ng Long V№n §йc TriТn Thс	120,8,1	120,1,1	88,8,1				120,8,1	120,8,1				88,8,1	88,8,1				72,8,1				96,8,1				144,8,1								96,8,1				72,8,1	160,8,1	112,1,1	96,1,1	80,1,1	96,1,1	112,1,1	96,1,1	48,1,1	112,1,1	112,1,1	112,1,1
§»ng Long V№n Linh HuyХt NhЙn	120,8,1	120,8,1	88,8,1	88,8,1			120,8,1	120,8,1	120,8,1			88,8,1	88,8,1	96,8,1			72,8,1	64,8,1			96,8,1	88,8,1			144,8,1	128,8,1	112,8,1						96,8,1	96,8,1			72,8,1	160,8,1	112,8,1	88,8,1	80,8,1	96,8,1	112,8,1	96,8,1	48,8,1	112,8,1	112,8,1	112,8,1
§»ng Long Hзn §йn Phi §ao	120,8,1	120,1,1	88,8,1				120,8,1	120,8,1				88,8,1	88,8,1				72,8,1				96,8,1				144,8,1								96,8,1				72,8,1	160,8,1	112,1,1	96,1,1	80,1,1	96,1,1	112,1,1	96,1,1	48,1,1	112,1,1	112,1,1	112,1,1
§»ng Long ThЭ ThЗn Tф TiФn	120,8,1	120,1,1	88,8,1				120,8,1	120,8,1				88,8,1	88,8,1				72,8,1				96,8,1				144,8,1								96,8,1				72,8,1	160,8,1	112,1,1	96,1,1	80,1,1	96,1,1	112,1,1	96,1,1	48,1,1	112,1,1	112,1,1	112,1,1
§»ng Long Phong B№o Phi TiЄu	120,8,1	120,1,1	88,8,1				120,8,1	120,8,1				88,8,1	88,8,1				72,8,1				96,8,1				144,8,1								96,8,1				72,8,1	160,8,1	112,1,1	96,1,1	80,1,1	96,1,1	112,1,1	96,1,1	48,1,1	112,1,1	112,1,1	112,1,1
§»ng Long Hµo TЧnh TriТn Thс	120,8,1	120,1,1	88,8,1				120,8,1	120,8,1				88,8,1	88,8,1				72,8,1				96,8,1				144,8,1								96,8,1				72,8,1	160,8,1	112,1,1	96,1,1	80,1,1	96,1,1	112,1,1	96,1,1	48,1,1	112,1,1	112,1,1	112,1,1
§»ng Long Tф NghЬa Tr­оng	120,8,56	120,8,56	88,8,1		88,8,56		120,8,1	120,8,1		120,8,56		88,8,1	88,8,1		88,8,56		72,8,1		56,8,56		96,8,1				144,8,1			96,8,56	96,8,56				96,8,1		104,8,56		72,8,1	160,8,1	112,8,56	96,8,56	80,8,56	96,8,56	112,8,56	96,8,56	48,8,56		112,8,56	112,8,56
§»ng Long ViЄm Hoµng Th­¬ng	120,8,56	120,8,56	88,8,1		88,8,56		120,8,1	120,8,1		120,8,56		88,8,1	88,8,1		88,8,56		72,8,1		56,8,56		96,8,1				144,8,1			96,8,56	96,8,56				96,8,1		104,8,56		72,8,1	160,8,1	112,8,56	96,8,56	80,8,56	96,8,56	112,8,56	96,8,56	48,8,56		112,8,56	112,8,56
§»ng Long PhЗn ThiЄn B¶o §ao	120,1,1	119,8,1	88,8,1	88,8,1			120,8,1	120,8,1	120,8,1			88,8,1	88,8,1				72,8,1	64,8,1			96,8,1	88,8,1			144,8,1	128,8,1	112,8,1						96,8,1	96,8,1			72,8,1	160,8,1	112,8,1	88,8,1	80,8,1	96,8,1	112,8,1	96,8,1	48,8,1	112,8,1	112,8,1	112,8,1
§»ng Long Ngдc H­ ThЗn KiХm	116,8,1	120,8,1	88,8,1	88,8,1			120,8,1	120,8,1	120,1,1			88,8,1	88,8,1	88,8,1			72,8,1	64,8,1			96,8,1	88,8,1			144,8,1	128,8,1	112,8,1						96,8,1	96,8,1			72,8,1	160,8,1	112,8,1	88,8,1	80,8,1	96,8,1	112,8,1	96,8,1	48,8,1	112,8,1	112,8,1	112,8,1
§»ng Long HuyТn ThiЄn ThЗn KiХm	120,8,1	120,8,1	88,8,1	88,8,1			120,8,1	120,8,1	120,1,1			88,8,1	88,8,1				72,8,1	64,8,1			96,8,1	88,8,1			144,8,1	128,8,1	112,8,1						96,8,1	96,8,1			72,8,1	160,8,1	112,8,1	88,8,1	80,8,1	96,8,1	112,8,1	96,8,1	48,8,1	112,8,1	112,8,1	112,8,1
§»ng Long Ph­¬ng NguyЄn B¶o §ao	120,8,1	120,8,1	88,8,1	88,8,1			120,8,1	120,8,1	120,8,1			88,8,1	88,8,1	88,8,1			72,8,1	64,8,1			96,8,1	88,8,1			144,8,1	128,8,1	112,8,1						96,8,1	96,8,1			72,8,1	160,8,1	112,8,1	88,8,1	80,8,1	96,8,1	112,8,1	96,8,1	48,8,1	112,8,1	112,8,1	112,8,1
§»ng Long Th­¬ng Khung ThЗn KiХm	120,8,1	120,8,1	88,8,1	88,8,1			120,8,1	120,8,1	120,8,1			88,8,1	88,8,1	88,8,1			72,8,1	64,8,1			96,8,1	88,8,1			144,8,1	128,8,1	112,8,1						96,8,1	96,8,1			72,8,1	160,8,1	112,8,1	77,8,1	80,8,1	96,8,1	112,8,1	96,8,1	48,18,1	112,8,1	112,8,1	112,8,1
§»ng Long Tи Du KiХm	120,8,1	120,8,1	88,8,1	88,8,1			120,8,1	120,8,1	120,8,1			88,8,1	88,8,1	88,8,1			72,8,1	64,8,1			96,8,1	88,8,1			144,8,1	128,8,1	112,8,1						96,8,1	96,8,1			72,8,1	160,8,1	112,8,1	96,8,1	80,8,1	104,8,1	120,8,1	96,8,1	48,8,1	112,8,1	112,8,1	112,8,1
§»ng Long Y Thсy KiХm	120,8,1	120,8,1	88,8,1	88,8,1			120,8,1	120,8,1	120,8,1			88,8,1	88,8,1	88,8,1			72,8,1	64,8,1			96,8,1	88,8,1			144,8,1	128,8,1	112,8,1						96,8,1	96,8,1			72,8,1	160,8,1	112,8,1	96,8,1	80,8,1	104,8,1	120,8,1	96,8,1	48,8,1	112,8,1	112,8,1	112,8,1
Tinh S­¬ng-Khж §Х TriТn Thс	120,8,1	120,8,1	88,8,1				120,8,1	120,8,1				88,8,1	88,8,1				72,8,1				96,8,1				144,8,1							128,8,1	96,8,1				72,8,1	160,8,1	112,8,1	96,8,1	80,8,1	96,8,1	112,8,1	96,8,1	48,8,1	112,8,1	112,8,1	112,8,1
Tinh S­¬ng-DiЦt §Х Phёp C«n	120,8,1	120,8,1			88,8,1					120,8,1					88,8,1				56,8,1				120,8,1					96,8,1	96,8,1						104,8,1				112,8,1	96,8,1	80,8,1	96,8,1	112,8,1	96,8,1	48,8,1	112,8,1	112,8,1	112,8,1
Tinh S­¬ng-§№o §Х Giнi §ao	120,8,1	120,8,1		88,8,1					120,8,1					88,8,1				64,8,1				88,8,1				128,8,1	112,8,1							96,8,1					112,8,1	96,8,1	80,8,1	96,8,1	112,8,1	96,8,1	48,8,1	112,8,1	112,8,1	112,8,1
Tinh S­¬ng-Th«n Tµ ThЗn Chпy	120,8,1	120,8,1				88,8,1					120,8,1					88,8,1				96,8,1				144,8,1						128,8,1	96,8,1					128,8,1			112,8,1	96,8,1	80,8,1	96,8,1	112,8,1	96,8,1	48,8,1	112,8,1	112,8,1	112,8,1
Tinh S­¬ng-L­u Kim Th­¬ng	120,8,1	120,8,1			88,8,1					120,8,1					88,8,1				56,8,1				120,8,1					96,8,1	96,8,1						104,8,1				112,8,1	96,8,1	80,8,1	96,8,1	112,8,1	96,8,1	48,8,1	112,8,1	112,8,1	112,8,1
Tinh S­¬ng-Lч S­¬ng B¶o §ao	120,8,1	120,8,1		88,8,1					120,8,1					88,8,1				64,8,1				88,8,1				128,8,1	112,8,1							96,8,1					112,8,1	96,8,1	80,8,1	96,8,1	112,8,1	96,8,1	48,8,1	112,8,1	112,8,1	112,8,1
Tinh S­¬ng-L№c Anh B¶o KiХm																																																
Tinh S­¬ng-PhКt HuyЦt TriТn Thс	120,8,1	120,8,1	88,8,1				120,8,1	120,8,1				88,8,1	88,8,1				72,8,1				96,8,1				144,8,1							128,8,1	96,8,1				72,8,1	160,8,1	112,8,1	96,8,1	80,8,1	96,8,1	112,8,1	96,8,1	48,8,1	112,8,1	112,8,1	112,8,1
Tinh S­¬ng-ThiЄn H­¬ng B¶o §ao																																																
Tinh S­¬ng-Thёi VЛn UyЄn ¦¬ng §ao																																																
Tinh S­¬ng-ThiТm Phi TriТn Thс	120,8,1	120,8,1	88,8,1				120,8,1	120,8,1				88,8,1	88,8,1				72,8,1				96,8,1				144,8,1							128,8,1	96,8,1				72,8,1	160,8,1	112,8,1	96,8,1	80,8,1	96,8,1	112,8,1	96,8,1	48,8,1	112,8,1	112,8,1	112,8,1
Tinh S­¬ng-Phф Cиt HuyХt NhЛn	120,8,1	120,8,1		88,8,1					120,8,1					88,8,1				64,8,1				88,8,1				128,8,1	112,8,1							96,8,1					112,8,1	96,8,1	80,8,1	96,8,1	112,8,1	96,8,1	48,8,1	112,8,1	112,8,1	112,8,1
Tinh S­¬ng-L·nh HuyХt Phi §ao	120,8,1	120,8,1	88,8,1				120,8,1	120,8,1				88,8,1	88,8,1				72,8,1				96,8,1				144,8,1							128,8,1	96,8,1				72,8,1	160,8,1	112,8,1	96,8,1	80,8,1	96,8,1	112,8,1	96,8,1	48,8,1	112,8,1	112,8,1	112,8,1
Tinh S­¬ng-Nй LiЄn Tф TiФn	120,8,1	120,8,1	88,8,1				120,8,1	120,8,1				88,8,1	88,8,1				72,8,1				96,8,1				144,8,1							128,8,1	96,8,1				72,8,1	160,8,1	112,8,1	96,8,1	80,8,1	96,8,1	112,8,1	96,8,1	48,8,1	112,8,1	112,8,1	112,8,1
Tinh S­¬ng-Truy MЦnh Phi TiЄu	120,8,1	120,8,1	88,8,1				120,8,1	120,8,1				88,8,1	88,8,1				72,8,1				96,8,1				144,8,1							128,8,1	96,8,1				72,8,1	160,8,1	112,8,1	96,8,1	80,8,1	96,8,1	112,8,1	96,8,1	48,8,1	112,8,1	112,8,1	112,8,1
Tinh S­¬ng-M·nh Long TriТn Thс	120,8,1	120,8,1	88,8,1				120,8,1	120,8,1				88,8,1	88,8,1				72,8,1				96,8,1				144,8,1							128,8,1	96,8,1				72,8,1	160,8,1	112,8,1	96,8,1	80,8,1	96,8,1	112,8,1	96,8,1	48,8,1	112,8,1	112,8,1	112,8,1
Tinh S­¬ng-Phё Lз Tr­оng	120,8,1	120,8,1			88,8,1					120,8,1					88,8,1				56,8,1				120,8,1					96,8,1	96,8,1						104,8,1				112,8,1	96,8,1	80,8,1	96,8,1	112,8,1	96,8,1	48,8,1	112,8,1	112,8,1	112,8,1
Tinh S­¬ng-LuyЦn NhЛt Th­¬ng	120,8,1	120,8,1			88,8,1					120,8,1					88,8,1				56,8,1				120,8,1					96,8,1	96,8,1						104,8,1				112,8,1	96,8,1	80,8,1	96,8,1	112,8,1	96,8,1	48,8,1	112,8,1	112,8,1	112,8,1
Tinh S­¬ng-Khиc ViЄm B¶o §ao	120,8,1	120,8,1		88,8,1					120,8,1					88,8,1				64,8,1				88,8,1				128,8,1	112,8,1							96,8,1					112,8,1	96,8,1	80,8,1	96,8,1	112,8,1	96,8,1	48,8,1	112,8,1	112,8,1	112,8,1
Tinh S­¬ng-ChКn S¬n ThЗn KiХm	120,8,1	120,8,1		88,8,1					120,8,1					88,8,1				64,8,1				88,8,1				128,8,1	112,8,1							96,8,1					112,8,1	96,8,1	80,8,1	96,8,1	112,8,1	96,8,1	48,8,1	112,8,1	112,8,1	112,8,1
Tinh S­¬ng-Qu©n Uy ThЗn KiХm	120,8,1	120,8,1		88,8,1					120,8,1					88,8,1				64,8,1				88,8,1				128,8,1	112,8,1							96,8,1					112,8,1	96,8,1	80,8,1	96,8,1	112,8,1	96,8,1	48,8,1	112,8,1	112,8,1	112,8,1
Tinh S­¬ng-Minh L«i B¶o §ao	120,8,1	120,8,1		88,8,1					120,8,1					88,8,1				64,8,1				88,8,1				128,8,1	112,8,1							96,8,1					112,8,1	96,8,1	80,8,1	96,8,1	112,8,1	96,8,1	48,8,1	112,8,1	112,8,1	112,8,1
Tinh S­¬ng-Oanh Minh ThЗn KiХm	120,8,1	120,8,1		88,8,1					120,8,1					88,8,1				64,8,1				88,8,1				128,8,1	112,8,1							96,8,1					112,8,1	96,8,1	80,8,1	96,8,1	112,8,1	96,8,1	48,8,1	112,8,1	112,8,1	112,8,1
Tinh S­¬ng-H№o ThiЄn KiХm	120,8,1	120,8,1		88,8,1					120,8,1					88,8,1				64,8,1				88,8,1				128,8,1	112,8,1							96,8,1					112,8,1	96,8,1	80,8,1	96,8,1	112,8,1	96,8,1	48,8,1	112,8,1	112,8,1	112,8,1
Tinh S­¬ng-Thanh H­ KiХm	120,8,1	120,8,1		88,8,1					120,8,1					88,8,1				64,8,1				88,8,1				128,8,1	112,8,1							96,8,1					112,8,1	96,8,1	80,8,1	96,8,1	112,8,1	96,8,1	48,8,1	112,8,1	112,8,1	112,8,1
NguyЦt KhuyХt Trдng KiХp TriТn Thс	120,8,1	120,8,1	88,8,1				120,8,1	120,8,1				88,8,1	88,8,1				72,8,1				96,8,1				144,8,1							128,8,1	96,8,1				72,8,1	160,8,1	112,8,1	96,8,1	80,8,1	96,8,1	112,8,1	96,8,1	48,8,1	112,8,1	112,8,1	112,8,1
NguyЦt KhuyХt Sёt KiХp Phёp C«n	120,8,1	120,8,1			88,8,1					120,8,1					88,8,1				56,8,1				120,8,1					96,8,1	96,8,1						104,8,1				112,8,1	96,8,1	80,8,1	96,8,1	112,8,1	96,8,1	48,8,1	112,8,1	112,8,1	112,8,1
NguyЦt KhuyХt Phё KiХp Giнi §ao	120,8,1	120,8,1		88,8,1					120,8,1					88,8,1				64,8,1				88,8,1				128,8,1	112,8,1							96,8,1					112,8,1	96,8,1	80,8,1	96,8,1	112,8,1	96,8,1	48,8,1	112,8,1	112,8,1	112,8,1
NguyЦt KhuyХt PhКn Vт ThЗn Chпy	120,8,1	120,8,1				88,8,1					120,8,1					88,8,1				96,8,1				144,8,1						128,8,1	96,8,1					128,8,1			112,8,1	96,8,1	80,8,1	96,8,1	112,8,1	96,8,1	48,8,1	112,8,1	112,8,1	112,8,1
NguyЦt KhuyХt Phong YЄn  Th­¬ng	120,8,1	120,8,1			88,8,1					120,8,1					88,8,1				56,8,1				120,8,1					96,8,1	96,8,1						104,8,1				112,8,1	96,8,1	80,8,1	96,8,1	112,8,1	96,8,1	48,8,1	112,8,1	112,8,1	112,8,1
NguyЦt KhuyХt Tr­кng Kh«ng B¶o §ao	120,8,1	120,8,1		88,8,1					120,8,1					88,8,1				64,8,1				88,8,1				128,8,1	112,8,1							96,8,1					112,8,1	96,8,1	80,8,1	96,8,1	112,8,1	96,8,1	48,8,1	112,8,1	112,8,1	112,8,1
NguyЦt KhuyХt Kinh Hеng B¶o KiХm																																																
NguyЦt KhuyХt HiУu NguyЦt TriТn Thс	120,8,1	120,8,1	88,8,1				120,8,1	120,8,1				88,8,1	88,8,1				72,8,1				96,8,1				144,8,1							128,8,1	96,8,1				72,8,1	160,8,1	112,8,1	96,8,1	80,8,1	96,8,1	112,8,1	96,8,1	48,8,1	112,8,1	112,8,1	112,8,1
NguyЦt KhuyХt T­¬ng T­ B¶o §ao																																																
NguyЦt KhuyХt Phong NguyЦt UyЄn ¦¬ng §ao																																																
NguyЦt KhuyХt Bёch §йc TriТn Thс	120,8,1	120,8,1	88,8,1				120,8,1	120,8,1				88,8,1	88,8,1				72,8,1				96,8,1				144,8,1							128,8,1	96,8,1				72,8,1	160,8,1	112,8,1	96,8,1	80,8,1	96,8,1	112,8,1	96,8,1	48,8,1	112,8,1	112,8,1	112,8,1
NguyЦt KhuyХt U Minh HuyХt NhЙn	120,8,1	120,8,1		88,8,1					120,8,1					88,8,1				64,8,1				88,8,1				128,8,1	112,8,1							96,8,1					112,8,1	96,8,1	80,8,1	96,8,1	112,8,1	96,8,1	48,8,1	112,8,1	112,8,1	112,8,1
NguyЦt KhuyХt Th«i MЦnh Phi §ao	120,8,1	120,8,1	88,8,1				120,8,1	120,8,1				88,8,1	88,8,1				72,8,1				96,8,1				144,8,1							128,8,1	96,8,1				72,8,1	160,8,1	112,8,1	96,8,1	80,8,1	96,8,1	112,8,1	96,8,1	48,8,1	112,8,1	112,8,1	112,8,1
NguyЦt KhuyХt BЭ §йc Tф TiФn	120,8,1	120,8,1	88,8,1				120,8,1	120,8,1				88,8,1	88,8,1				72,8,1				96,8,1				144,8,1							128,8,1	96,8,1				72,8,1	160,8,1	112,8,1	96,8,1	80,8,1	96,8,1	112,8,1	96,8,1	48,8,1	112,8,1	112,8,1	112,8,1
NguyЦt KhuyХt M№n §е Phi TiЄu	120,8,1	120,8,1	88,8,1				120,8,1	120,8,1				88,8,1	88,8,1				72,8,1				96,8,1				144,8,1							128,8,1	96,8,1				72,8,1	160,8,1	112,8,1	96,8,1	80,8,1	96,8,1	112,8,1	96,8,1	48,8,1	112,8,1	112,8,1	112,8,1
NguyЦt KhuyХt XЭch Long TriТn Thс	120,8,1	120,8,1	88,8,1				120,8,1	120,8,1				88,8,1	88,8,1				72,8,1				96,8,1				144,8,1							128,8,1	96,8,1				72,8,1	160,8,1	112,8,1	96,8,1	80,8,1	96,8,1	112,8,1	96,8,1	48,8,1	112,8,1	112,8,1	112,8,1
NguyЦt KhuyХt Hµo KiЦt Tr­оng	120,8,1	120,8,1			88,8,1					120,8,1					88,8,1				56,8,1				120,8,1					96,8,1	96,8,1						104,8,1				112,8,1	96,8,1	80,8,1	96,8,1	112,8,1	96,8,1	48,8,1	112,8,1	112,8,1	112,8,1
NguyЦt KhuyХt Tham Lang Th­¬ng	120,8,1	120,8,1			88,8,1					120,8,1					88,8,1				56,8,1				120,8,1					96,8,1	96,8,1						104,8,1				112,8,1	96,8,1	80,8,1	96,8,1	112,8,1	96,8,1	48,8,1	112,8,1	112,8,1	112,8,1
NguyЦt KhuyХt LiЦt D­¬ng B¶o §ao	120,8,1	120,8,1		88,8,1					120,8,1					88,8,1				64,8,1				88,8,1				128,8,1	112,8,1							96,8,1					112,8,1	96,8,1	80,8,1	96,8,1	112,8,1	96,8,1	48,8,1	112,8,1	112,8,1	112,8,1
NguyЦt KhuyХt Linh §йng ThЗn KiХm	120,8,1	120,8,1		88,8,1					120,8,1					88,8,1				64,8,1				88,8,1				128,8,1	112,8,1							96,8,1					112,8,1	96,8,1	80,8,1	96,8,1	112,8,1	96,8,1	48,8,1	112,8,1	112,8,1	112,8,1
NguyЦt KhuyХt ¶o ¶nh ThЗn KiХm	120,8,1	120,8,1		88,8,1					120,8,1					88,8,1				64,8,1				88,8,1				128,8,1	112,8,1							96,8,1					112,8,1	96,8,1	80,8,1	96,8,1	112,8,1	96,8,1	48,8,1	112,8,1	112,8,1	112,8,1
NguyЦt KhuyХt LЁng Phong B¶o §ao	120,8,1	120,8,1		88,8,1					120,8,1					88,8,1				64,8,1				88,8,1				128,8,1	112,8,1							96,8,1					112,8,1	96,8,1	80,8,1	96,8,1	112,8,1	96,8,1	48,8,1	112,8,1	112,8,1	112,8,1
NguyЦt KhuyХt Mйc Vт ThЗn KiХm	120,8,1	120,8,1		88,8,1					120,8,1					88,8,1				64,8,1				88,8,1				128,8,1	112,8,1							96,8,1					112,8,1	96,8,1	80,8,1	96,8,1	112,8,1	96,8,1	48,8,1	112,8,1	112,8,1	112,8,1
NguyЦt KhuyХt DЛt ¶nh KiХm	120,8,1	120,8,1		88,8,1					120,8,1					88,8,1				64,8,1				88,8,1				128,8,1	112,8,1							96,8,1					112,8,1	96,8,1	80,8,1	96,8,1	112,8,1	96,8,1	48,8,1	112,8,1	112,8,1	112,8,1
NguyЦt KhuyХt Thanh Phong KiХm	120,8,1	120,8,1		88,8,1					120,8,1					88,8,1				64,8,1				88,8,1				128,8,1	112,8,1							96,8,1					112,8,1	96,8,1	80,8,1	96,8,1	112,8,1	96,8,1	48,8,1	112,8,1	112,8,1	112,8,1
DiЦu D­¬ng Mйng Long TriТn Thс	120,8,1	120,8,1	88,8,1				120,8,1	120,8,1				88,8,1	88,8,1				72,8,1				96,8,1				144,8,1							128,8,1	96,8,1				72,8,1	160,8,1	112,8,1	96,8,1	80,8,1	96,8,1	112,8,1	96,8,1	48,8,1	112,8,1	112,8,1	112,8,1
DiЦu D­¬ng Phфc Ma Phёp C«n	120,8,1	120,8,1			88,8,1					120,8,1					88,8,1				56,8,1				120,8,1					96,8,1	96,8,1						104,8,1				112,8,1	96,8,1	80,8,1	96,8,1	112,8,1	96,8,1	48,8,1	112,8,1	112,8,1	112,8,1
DiЦu D­¬ng T­ Kh«ng Giнi §ao	120,8,1	120,8,1		88,8,1					120,8,1					88,8,1				64,8,1				88,8,1				128,8,1	112,8,1							96,8,1					112,8,1	96,8,1	80,8,1	96,8,1	112,8,1	96,8,1	48,8,1	112,8,1	112,8,1	112,8,1
DiЦu D­¬ng Hёm ThiЄn ThЗn Chпy	120,8,1	120,8,1				88,8,1					120,8,1					88,8,1				96,8,1				144,8,1						128,8,1	96,8,1					128,8,1			112,8,1	96,8,1	80,8,1	96,8,1	112,8,1	96,8,1	48,8,1	112,8,1	112,8,1	112,8,1
DiЦu D­¬ng KХ NghiЦp Th­¬ng	120,8,1	120,8,1			88,8,1					120,8,1					88,8,1				56,8,1				120,8,1					96,8,1	96,8,1						104,8,1				112,8,1	96,8,1	80,8,1	96,8,1	112,8,1	96,8,1	48,8,1	112,8,1	112,8,1	112,8,1
DiЦu D­¬ng Ngщ Long B¶o §ao	120,8,1	120,8,1		88,8,1					120,8,1					88,8,1				64,8,1				88,8,1				128,8,1	112,8,1							96,8,1					112,8,1	96,8,1	80,8,1	96,8,1	112,8,1	96,8,1	48,8,1	112,8,1	112,8,1	112,8,1
DiЦu D­¬ng V« Gian B¶o KiХm																																																
DiЦu D­¬ng V« Ma TriТn Thс	120,8,1	120,8,1	88,8,1				120,8,1	120,8,1				88,8,1	88,8,1				72,8,1				96,8,1				144,8,1							128,8,1	96,8,1				72,8,1	160,8,1	112,8,1	96,8,1	80,8,1	96,8,1	112,8,1	96,8,1	48,8,1	112,8,1	112,8,1	112,8,1
DiЦu D­¬ng TЄ Hoµng B¶o §ao																																																
DiЦu D­¬ng BЭch H¶i UyЄn ¦¬ng §ao																																																
DiЦu D­¬ng U Lung TriТn Thс	120,8,1	120,8,1	88,8,1				120,8,1	120,8,1				88,8,1	88,8,1				72,8,1				96,8,1				144,8,1							128,8,1	96,8,1				72,8,1	160,8,1	112,8,1	96,8,1	80,8,1	96,8,1	112,8,1	96,8,1	48,8,1	112,8,1	112,8,1	112,8,1
DiЦu D­¬ng Minh ¶o HuyХt NhЛn	120,8,1	120,8,1		88,8,1					120,8,1					88,8,1				64,8,1				88,8,1				128,8,1	112,8,1							96,8,1					112,8,1	96,8,1	80,8,1	96,8,1	112,8,1	96,8,1	48,8,1	112,8,1	112,8,1	112,8,1
DiЦu D­¬ng BЁng Hµn Phi §ao	120,8,1	120,8,1	88,8,1				120,8,1	120,8,1				88,8,1	88,8,1				72,8,1				96,8,1				144,8,1							128,8,1	96,8,1				72,8,1	160,8,1	112,8,1	96,8,1	80,8,1	96,8,1	112,8,1	96,8,1	48,8,1	112,8,1	112,8,1	112,8,1
DiЦu D­¬ng ThiЄn Quang Tф TiФn	120,8,1	120,8,1	88,8,1				120,8,1	120,8,1				88,8,1	88,8,1				72,8,1				96,8,1				144,8,1							128,8,1	96,8,1				72,8,1	160,8,1	112,8,1	96,8,1	80,8,1	96,8,1	112,8,1	96,8,1	48,8,1	112,8,1	112,8,1	112,8,1
DiЦu D­¬ng S©m Hoang Phi TiЄu	120,8,1	120,8,1	88,8,1				120,8,1	120,8,1				88,8,1	88,8,1				72,8,1				96,8,1				144,8,1							128,8,1	96,8,1				72,8,1	160,8,1	112,8,1	96,8,1	80,8,1	96,8,1	112,8,1	96,8,1	48,8,1	112,8,1	112,8,1	112,8,1
DiЦu D­¬ng §еng Cхu TriТn Thс	120,8,1	120,8,1	88,8,1				120,8,1	120,8,1				88,8,1	88,8,1				72,8,1				96,8,1				144,8,1							128,8,1	96,8,1				72,8,1	160,8,1	112,8,1	96,8,1	80,8,1	96,8,1	112,8,1	96,8,1	48,8,1	112,8,1	112,8,1	112,8,1
DiЦu D­¬ng §Юch Khёi Tr­оng	120,8,1	120,8,1			88,8,1					120,8,1					88,8,1				56,8,1				120,8,1					96,8,1	96,8,1						104,8,1				112,8,1	96,8,1	80,8,1	96,8,1	112,8,1	96,8,1	48,8,1	112,8,1	112,8,1	112,8,1
DiЦu D­¬ng Ma Sёt Th­¬ng	120,8,1	120,8,1			88,8,1					120,8,1					88,8,1				56,8,1				120,8,1					96,8,1	96,8,1						104,8,1				112,8,1	96,8,1	80,8,1	96,8,1	112,8,1	96,8,1	48,8,1	112,8,1	112,8,1	112,8,1
DiЦu D­¬ng Ma Hoµng B¶o §ao	120,8,1	120,8,1		88,8,1					120,8,1					88,8,1				64,8,1				88,8,1				128,8,1	112,8,1							96,8,1					112,8,1	96,8,1	80,8,1	96,8,1	112,8,1	96,8,1	48,8,1	112,8,1	112,8,1	112,8,1
DiЦu D­¬ng LЁng Nh№c ThЗn KiХm	120,8,1	120,8,1		88,8,1					120,8,1					88,8,1				64,8,1				88,8,1				128,8,1	112,8,1							96,8,1					112,8,1	96,8,1	80,8,1	96,8,1	112,8,1	96,8,1	48,8,1	112,8,1	112,8,1	112,8,1
DiЦu D­¬ng CЛp Phong ThЗn KiХm	120,8,1	120,8,1		88,8,1					120,8,1					88,8,1				64,8,1				88,8,1				128,8,1	112,8,1							96,8,1					112,8,1	96,8,1	80,8,1	96,8,1	112,8,1	96,8,1	48,8,1	112,8,1	112,8,1	112,8,1
DiЦu D­¬ng S­¬ng Tinh B¶o §ao	120,8,1	120,8,1		88,8,1					120,8,1					88,8,1				64,8,1				88,8,1				128,8,1	112,8,1							96,8,1					112,8,1	96,8,1	80,8,1	96,8,1	112,8,1	96,8,1	48,8,1	112,8,1	112,8,1	112,8,1
DiЦu D­¬ng L«i Khung ThЗn KiХm	120,8,1	120,8,1		88,8,1					120,8,1					88,8,1				64,8,1				88,8,1				128,8,1	112,8,1							96,8,1					112,8,1	96,8,1	80,8,1	96,8,1	112,8,1	96,8,1	48,8,1	112,8,1	112,8,1	112,8,1
DiЦu D­¬ng Phп V©n KiХm	120,8,1	120,8,1		88,8,1					120,8,1					88,8,1				64,8,1				88,8,1				128,8,1	112,8,1							96,8,1					112,8,1	96,8,1	80,8,1	96,8,1	112,8,1	96,8,1	48,8,1	112,8,1	112,8,1	112,8,1
DiЦu D­¬ng Xung V©n KiХm	120,8,1	120,8,1		88,8,1					120,8,1					88,8,1				64,8,1				88,8,1				128,8,1	112,8,1							96,8,1					112,8,1	96,8,1	80,8,1	96,8,1	112,8,1	96,8,1	48,8,1	112,8,1	112,8,1	112,8,1
null																																																
