--- chon='Ngân lượng' ops=[247, 9, 9, 9, 9, 9, 9, 9, 251, 9, 9, 9, 9, 9, 9, 9, 9, 9, 9, 9, 251, 9, 9] ---
  247: 49000000f7000a434e68e1baad6e20c491c6b0e1bba363203c636f6c6f723d236666666630303e34323030206cc6b0e1bba36e673c2f636f6c6f723e2074e1bbab2044c3a32054e1baa97510011801
  251: 00000000fb00
  251: 00000000fb00
--- chon='Ngẫu nhiên tất cả phần thưởng' ops=[9, 9, 251, 9, 9, 9, 247, 9, 9, 9, 9, 9, 9, 9, 9, 9, 9, 9, 251, 9, 9, 9, 9, 9, 9, 9, 9, 9, 9, 9, 9, 9, 9, 9, 9, 9, 9, 9] ---
  251: 00000000fb00140000000900317c3130333738337c35363137367c3438353837
  247: 5b000000f7000a554e68e1baad6e20c491c6b0e1bba363203c636f6c6f723d236666666630303e342e3533372e3834383c2f636f6c6f723e20c49069e1bb836d206b696e68206e676869e1bb876d2074e1bbab2044c3a32054e1baa97510011801
  251: 00000000fb00
--- chon='Ngẫu nhiên tất cả kỳ trân dị bảo' ops=[9, 9, 9, 16, 247, 9, 9, 9, 9, 9, 9, 9, 9, 9, 9, 9, 9, 9, 9, 9, 9, 9, 9, 9, 9, 9, 9, 9, 9, 9, 9, 9, 9, 9, 9] ---
  16: 31000000100008e8f00f1093831918964e20a1d11928904e38e8e5add10642063130333131364a0f4ec3b4204ce1bb872053e1bb912034
  247: 57000000f7000a514e68e1baad6e20c491c6b0e1bba363203c636f6c6f723d236666666630303e4769612042c3a06f20686fc3a06e202854e1bb916e67204b696d293c2f636f6c6f723e2074e1bbab2044c3a32054e1baa97510011801
--- chon='Ngân lượng' ops=[9, 9, 9, 247, 9, 9, 9, 9, 9, 9, 9, 9, 9, 9, 9, 9, 9, 9, 9, 9, 9, 9, 9, 9, 9, 9, 9, 9, 9, 9, 9, 9, 9, 9, 9, 9, 9, 9, 9, 9, 9, 9, 9, 9, 9, 9, 9, 9, 9, 9, 9] ---
  247: 49000000f7000a434e68e1baad6e20c491c6b0e1bba363203c636f6c6f723d236666666630303e32333130206cc6b0e1bba36e673c2f636f6c6f723e2074e1bbab2044c3a32054e1baa97510011801
--- chon='Ngẫu nhiên tất cả kỳ trân dị bảo' ops=[9, 9, 9, 9, 16, 247, 9, 9, 9, 9, 9, 9, 9, 9, 9, 9, 9, 9, 9, 9, 9, 9, 9, 9, 9, 9, 9, 9, 9, 9, 9, 9, 9, 9, 9, 9, 9, 9, 9, 9, 9, 9, 9, 9, 9, 9, 9, 9, 9, 9, 9] ---
  16: 31000000100008c8c51310f3d71c18964e2081a61d28904e388be6add10642063130333131364a0f4ec3b4204ce1bb872053e1bb912034
  247: 5b000000f7000a554e68e1baad6e20c491c6b0e1bba363203c636f6c6f723d236666666630303e48e1bb8f61205068c3b26e6720686fc3a06e202854e1bb916e67204b696d293c2f636f6c6f723e2074e1bbab2044c3a32054e1baa97510011801140000000900317c3130343038367c35363231347c3438343638140000000900317c3130323338387c35363137367c3438323030140000000900317c3130323130397c35343937327c343836333600000000fb00140000000900317c3130333337367c35363137367c3438343838
--- chon='Ngẫu nhiên tất cả phần thưởng' ops=[9, 9, 9, 9, 9, 9, 9, 9, 16, 247, 9, 9, 9, 9, 9, 9, 9, 9, 9, 9, 9, 9, 251, 9, 9, 9, 9, 9, 9, 9, 9, 9, 9, 9, 9, 9, 9, 9, 9, 9, 9, 9, 9, 9, 9, 9, 9, 9, 9] ---
  16: 32000000100008c8c51310f3d71c18964e2081a61d28a09c01388be6add10642063130333131364a0f4ec3b4204ce1bb872053e1bb912034
  247: 5b000000f7000a554e68e1baad6e20c491c6b0e1bba363203c636f6c6f723d236666666630303e48e1bb8f61205068c3b26e6720686fc3a06e202854e1bb916e67204b696d293c2f636f6c6f723e2074e1bbab2044c3a32054e1baa97510011801
  251: 00000000fb00140000000900317c3130313033337c35343939327c3438363136140000000900317c3130343932317c35363137367c3438333035
--- chon='Ngẫu nhiên tất cả kỳ trân dị bảo' ops=[9, 9, 9, 9, 9, 16, 9, 9, 9, 9, 9, 9, 9, 9, 9, 9, 9, 9, 9, 9, 9, 9, 9, 9, 9, 9, 9, 9, 251, 9, 9, 9, 9, 9, 9, 9, 9, 9, 9, 9, 9, 9, 9, 9] ---
  16: 31000000100008d8931410e3891c18964e20f1d71c28904e38a6e6add10642063130333131364a0f4ec3b4204ce1bb872053e1bb912034
  251: 00000000fb00
--- chon='Ngẫu nhiên tất cả phần thưởng' ops=[9, 9, 9, 9, 9, 9, 9, 9, 9, 9, 9, 9, 9, 9, 9, 9, 9, 9, 9, 9, 9, 9, 9, 9, 9, 9, 9, 9, 9, 9, 9, 9, 9, 9, 9, 9, 9, 9, 9, 9, 9, 9, 9, 9, 9, 9, 9, 9, 9, 9, 9, 9, 9, 9, 9, 9, 9, 9, 9, 9, 9, 9, 9, 9] ---
--- chon='Ngẫu nhiên tất cả phần thưởng' ops=[9, 9, 9, 9, 9, 9, 9, 9, 9, 9, 9, 9, 9, 9, 9, 9, 9, 251, 9, 9, 9, 9, 9, 9, 9, 9, 9, 9, 9, 9, 9, 9, 9, 9, 9, 9, 9, 9, 9, 9, 9, 9, 9, 9, 9, 9, 9, 9, 9] ---
  251: 00000000fb00
--- chon='Ngẫu nhiên tất cả phần thưởng' ops=[9, 9, 247, 247, 9, 9, 9, 9, 9, 9, 9, 9, 9, 9, 9, 9, 9, 9, 9, 9, 9, 9, 9, 9, 9, 9, 9, 9, 9, 9, 9, 9, 9, 251, 9, 9, 9, 9, 9, 9, 9, 9, 9, 9, 9] ---
  247: 9c000000f7000a9501486fc3a06e207468c3a06e68206c69c3aa6e207469e1babf70203c636f6c6f723d233030666630303e31303c2f636f6c6f723e206e6869e1bb876d2076e1bba5206b68c3b46e672068e1bba7792c206e68e1baad6e20c491c6b0e1bba363203c636f6c6f723d236666666630303e352e3030302e3030303c2f636f6c6f723e20c49169e1bb836d206b696e68206e676869e1bb876d10011801
  247: 5b000000f7000a554e68e1baad6e20c491c6b0e1bba363203c636f6c6f723d236666666630303e312e3432322e3438303c2f636f6c6f723e20c49069e1bb836d206b696e68206e676869e1bb876d2074e1bbab2044c3a32054e1baa97510011801
  251: 00000000fb00
--- chon='Ngân lượng' ops=[9, 247, 9, 9, 133, 9, 9, 9, 9, 9, 9, 9, 9, 9, 9, 9, 9, 9, 9, 9, 9, 9, 9, 9, 9, 9, 9, 9, 9, 9, 9, 9, 9, 9, 9, 9, 9, 9, 9, 9, 9, 9, 9, 9, 9] ---
  247: 49000000f7000a434e68e1baad6e20c491c6b0e1bba363203c636f6c6f723d236666666630303e33393230206cc6b0e1bba36e673c2f636f6c6f723e2074e1bbab2044c3a32054e1baa97510011801
  133: 600000008500080512063130343431371a154347205468e1baa7792042c3b961203920c490656e22233c4ce1bba563205468e1bba7792054696e683e2061692063e1baa76e20706d6d6d6d6d2a1834387c3c4ce1bba563205468e1bba7792054696e683e7c30
--- chon='Ngẫu nhiên tất cả kỳ trân dị bảo' ops=[9, 9, 9, 9, 16, 247, 9, 9, 9, 9, 9, 251, 9, 9, 9, 9, 9, 9, 9, 9, 9, 9, 9, 9, 9, 9, 9, 9, 9, 9, 251, 9, 9, 9, 9, 9, 9, 9, 9, 9] ---
  16: 32000000100008d8931410e3891c18964e20f1d71c28a09c0138a6e6add10642063130333131364a0f4ec3b4204ce1bb872053e1bb912034
  247: 5a000000f7000a544e68e1baad6e20c491c6b0e1bba363203c636f6c6f723d236666666630303e4cc3b469205068c3b26e6720686fc3a06e202854e1bb916e67204b696d293c2f636f6c6f723e2074e1bbab2044c3a32054e1baa97510011801
  251: 00000000fb00
  251: 00000000fb00140000000900317c3130323636367c35353739307c3438333130140000000900317c3130323130307c35363233367c3438313530
--- chon='Ngân lượng' ops=[9, 9, 251, 9, 9, 9, 9, 9, 9, 9, 9, 9, 9, 9, 9, 9, 9, 9, 9, 9, 9, 9, 9, 9, 9, 9, 9, 9, 9, 9, 9, 9, 9, 9, 9, 9, 9, 9, 9, 9, 9, 9] ---
  251: 00000000fb00
--- chon='Ngẫu nhiên tất cả phần thưởng' ops=[9, 9, 9, 16, 247, 251, 9, 9, 9, 9, 9, 9, 9, 9, 9, 9, 9, 9, 9, 9, 9, 9, 9, 9, 9, 9, 9, 9, 9, 9, 9, 9, 9, 9, 9, 9, 9, 9, 9, 9, 9, 9] ---
  16: 31000000100008e8e11410a3c21e18964e20b1901f28904e38a3e7add10642063130333131364a0f4ec3b4204ce1bb872053e1bb912034
  247: 54000000f7000a4e4e68e1baad6e20c491c6b0e1bba363203c636f6c6f723d236666666630303e4ce1bb876e682062c3a069202854e1bb916e67204b696d293c2f636f6c6f723e2074e1bbab2044c3a32054e1baa97510011801
  251: 00000000fb00140000000900317c3130323636367c35353239317c3438353435
--- chon='Ngẫu nhiên tất cả phần thưởng' ops=[9, 9, 9, 247, 9, 9, 9, 9, 9, 9, 9, 9, 9, 9, 9, 9, 9, 9, 9, 9, 9, 9, 9, 9, 9, 9, 9, 251, 9, 9, 9, 9, 9, 9, 9, 9, 9, 9, 9, 9, 9, 9, 9, 9, 9, 9, 9, 9, 9, 9, 9, 9] ---
  247: 5b000000f7000a554e68e1baad6e20c491c6b0e1bba363203c636f6c6f723d236666666630303e322e3634312e3033323c2f636f6c6f723e20c49069e1bb836d206b696e68206e676869e1bb876d2074e1bbab2044c3a32054e1baa97510011801
  251: 00000000fb00
--- chon='Ngân lượng' ops=[9, 251, 9, 247, 9, 9, 9, 9, 9, 9, 9, 9, 9, 9, 9, 9, 251, 9, 9, 9, 9, 9, 9, 9, 9, 9, 9, 9, 9, 9, 9, 9, 9, 9, 9, 9] ---
  251: 00000000fb00140000000900317c3130333738337c35363137367c3438313831
  247: 49000000f7000a434e68e1baad6e20c491c6b0e1bba363203c636f6c6f723d236666666630303e33393930206cc6b0e1bba36e673c2f636f6c6f723e2074e1bbab2044c3a32054e1baa97510011801
  251: 00000000fb00
--- chon='Ngẫu nhiên tất cả kỳ trân dị bảo' ops=[9, 9, 16, 247, 9, 9, 9, 9, 9, 9, 9, 9, 251, 9, 9, 9, 9, 9, 9, 9, 9, 9, 9, 9, 9, 9, 251, 9, 9, 9, 9, 9, 9, 9, 9, 9, 9, 9, 9, 9] ---
  16: 31000000100008f8af1510a3d11918964e20b19f1a28904e38d0e7add10642063130333131364a0f4ec3b4204ce1bb872053e1bb912034
  247: 5b000000f7000a554e68e1baad6e20c491c6b0e1bba363203c636f6c6f723d236666666630303ec490e1baa169204ce1bbb16320686fc3a06e202854e1bb916e67204b696d293c2f636f6c6f723e2074e1bbab2044c3a32054e1baa97510011801
  251: 00000000fb00
  251: 00000000fb00140000000900317c3130323130397c35353136337c3438363236140000000900317c3130323636367c35353430387c3438353036
--- chon='Ngân lượng' ops=[9, 9, 9, 9, 9, 9, 9, 9, 9, 9, 9, 9, 9, 9, 9, 9, 9, 9, 9, 9, 9, 251, 9, 9, 9, 9, 9, 9, 9, 9, 9, 9, 9, 9, 9, 9, 9, 9, 9, 9, 9, 9, 9, 9, 9, 9] ---
  251: 00000000fb00
--- chon='Ngẫu nhiên tất cả phần thưởng' ops=[9, 9, 9, 9, 9, 9, 9, 9, 9, 9, 9, 9, 9, 9, 9, 9, 9, 9, 9, 9, 9, 9, 9, 9, 9, 9, 9, 9, 9, 9, 9, 9, 9, 9, 9, 9, 9, 9, 9, 9, 9, 9] ---
--- chon='Ngẫu nhiên tất cả phần thưởng' ops=[9, 9, 9, 247, 181, 247, 9, 9, 9, 9, 9, 9, 9, 9, 9, 9, 9, 9, 9, 9, 9, 9, 9, 9, 9, 251, 9] ---
  247: 9c000000f7000a9501486fc3a06e207468c3a06e68206c69c3aa6e207469e1babf70203c636f6c6f723d233030666630303e32303c2f636f6c6f723e206e6869e1bb876d2076e1bba5206b68c3b46e672068e1bba7792c206e68e1baad6e20c491c6b0e1bba363203c636f6c6f723d236666666630303e352e3030302e3030303c2f636f6c6f723e20c49169e1bb836d206b696e68206e676869e1bb876d10011801
  247: 5b000000f7000a554e68e1baad6e20c491c6b0e1bba363203c636f6c6f723d236666666630303e362e3532342e3332303c2f636f6c6f723e20c49069e1bb836d206b696e68206e676869e1bb876d2074e1bbab2044c3a32054e1baa97510011801140000000900317c3130323130397c35353431367c3438353032
  251: 00000000fb00140000000900317c3130323636367c35343836347c3438353834
--- chon='Ngân lượng' ops=[9, 9, 9, 9, 9, 9, 9, 9, 9, 9, 9, 9, 9, 9, 9, 9, 9, 9, 133, 9, 9, 9, 9, 9, 9, 251, 9, 9, 9] ---
  133: a60000008500080512063130323036381a15435456204cc3a26d205472756e67204869e1babf7522820140353220435456204ee1baa170204b4e42204b687579e1babf6e204dc3a3692035252054c3ad6368204ee1baa1702056697020204e68c3b36d204769616f4cc6b0752035303054562020403532205a616c6f203033373339302e38383838204035322048e1bb97205472e1bba3204769616f2044e1bb8b6368205447204e68616e68
  251: 00000000fb00
--- chon='Ngân lượng' ops=[247, 9, 9, 9, 9, 9, 9, 9, 9, 9, 9, 9, 9, 9, 9, 9, 9, 9, 9, 9, 9, 9, 9, 9, 9, 9, 9, 9, 251, 9, 9, 9, 9, 9, 9] ---
  247: 51000000f7000a4b4e68e1baad6e20c491c6b0e1bba363203c636f6c6f723d236666666630303e312076e1baa16e2032363030206cc6b0e1bba36e673c2f636f6c6f723e2074e1bbab2044c3a32054e1baa97510011801
  251: 00000000fb00
--- chon='Thiết La Hán' ops=[9, 9, 9, 9, 9, 9, 9, 9, 16, 247, 9, 9, 9, 9, 9, 9, 9, 9, 9, 9, 9, 9, 9, 9, 9, 9, 9, 9, 9, 9, 9, 9, 9, 9, 9, 9, 251, 9, 9, 9, 9, 9, 9, 9, 9, 9, 9, 9, 9, 9] ---
  16: 30000000100008f8dc0610934e18964e20a19c0128904e38dbe8add10642063130333131344a0f4ec3b4204ce1bb872053e1bb912035
  247: 4b000000f7000a454e68e1baad6e20c491c6b0e1bba363203c636f6c6f723d236666666630303e546869e1babf74204c612048c3a16e3c2f636f6c6f723e2074e1bbab2044c3a32054e1baa97510011801
  251: 00000000fb00
--- chon='Ngẫu nhiên tất cả kỳ trân dị bảo' ops=[9, 9, 9, 9, 9, 9, 9, 9, 9, 9, 251, 9, 9, 9, 9, 9, 9, 9, 9, 9, 9, 9, 9, 9, 9, 9, 9, 9, 9, 9, 9, 251, 9, 9, 9, 9, 9, 9, 9, 9, 9, 9, 9, 9, 9, 9, 9, 9, 9, 9, 9] ---
  251: 00000000fb00
  251: 00000000fb00
--- chon='Ngân lượng' ops=[9, 9, 247, 9, 9, 9, 251, 9, 9, 9, 9, 9, 9, 9, 9, 9, 9, 9, 9, 9, 9, 9, 9, 9, 9, 9, 9, 9, 9, 9, 9] ---
  247: 51000000f7000a4b4e68e1baad6e20c491c6b0e1bba363203c636f6c6f723d236666666630303e332076e1baa16e2036343030206cc6b0e1bba36e673c2f636f6c6f723e2074e1bbab2044c3a32054e1baa97510011801
  251: 00000000fb00
--- chon='Ngẫu nhiên tất cả phần thưởng' ops=[9, 9, 9, 9, 9, 9, 9, 9, 9, 9, 16, 247, 9, 9, 9, 9, 9, 9, 9, 9, 9, 9, 9, 9, 9, 9, 9, 9, 9, 9, 9, 9, 9, 9, 9, 9, 9, 9, 9, 9, 9, 9, 9, 9, 9, 9, 9, 9, 9, 9, 9, 9] ---
  16: 31000000100008a8a91210a3d11918964e20b19f1a28904e38f5e9add10642063130333131344a0f4ec3b4204ce1bb872053e1bb912035
  247: 5b000000f7000a554e68e1baad6e20c491c6b0e1bba363203c636f6c6f723d236666666630303ec490e1baa169204ce1bbb16320686fc3a06e202854e1bb916e67204b696d293c2f636f6c6f723e2074e1bbab2044c3a32054e1baa97510011801140000000900317c3130323636367c35353138327c3438363134140000000900317c3130333738337c35363137367c3438363235140000000900317c3130323130397c35353630307c3438333834
--- chon='Ngẫu nhiên tất cả kỳ trân dị bảo' ops=[9, 9, 9, 251, 9, 9, 9, 9, 9, 9, 9, 9, 16, 9, 9, 9, 9, 9, 9, 9, 9, 9, 9, 9, 9, 9, 9, 9, 9, 9, 9, 9, 9, 9, 9, 9, 9, 9, 9, 9, 9, 9, 9, 9, 9, 9, 9, 9, 9, 9, 9, 251, 9, 9] ---
  251: 00000000fb00140000000900317c3130323636367c35363032367c3438313934140000000900317c3130333738337c35363137367c3438323737
  16: 31000000100008b8f71210e3891c18964e20f1d71c28904e38adeaadd10642063130333131344a0f4ec3b4204ce1bb872053e1bb9120355a000000f7000a544e68e1baad6e20c491c6b0e1bba363203c636f6c6f723d236666666630303e4cc3b469205068c3b26e6720686fc3a06e202854e1bb916e67204b696d293c2f636f6c6f723e2074e1bbab2044c3a32054e1baa97510011801140000000900317c3130333738337c35363137367c3438323335140000000900317c3130323636367c35353937337c3438323231140000000900317c3130333337367c35363137367c3438323838
  251: 00000000fb00140000000900317c3130323130397c35353434307c3438343838
--- chon='Điểm kinh nghiệm' ops=[9, 9, 9, 9, 9, 9, 9, 9, 9, 9, 9, 9, 247, 9, 9, 9, 9, 9, 9, 9, 9, 9, 9, 9, 9, 9, 9, 9, 9, 9, 9, 9, 9, 9, 9, 9, 9, 9, 9, 9, 9, 9, 9, 9, 9, 9, 9, 9, 9, 9, 9, 9, 9, 9, 9, 9, 9, 9, 9, 9, 9, 9, 9, 9, 9] ---
  247: 5b000000f7000a554e68e1baad6e20c491c6b0e1bba363203c636f6c6f723d236666666630303e332e3035332e3332383c2f636f6c6f723e20c49069e1bb836d206b696e68206e676869e1bb876d2074e1bbab2044c3a32054e1baa97510011801140000000900317c3130323130397c35353032347c3438363332140000000900317c3130323636367c35343834347c3438353735
--- chon='Ngân lượng' ops=[9, 9, 247, 9, 9, 9, 9, 9, 251, 9, 9, 9, 9, 9, 9, 251, 9, 9, 9, 9, 9, 9, 9, 9, 9] ---
  247: 9c000000f7000a9501486fc3a06e207468c3a06e68206c69c3aa6e207469e1babf70203c636f6c6f723d233030666630303e31303c2f636f6c6f723e206e6869e1bb876d2076e1bba5206b68c3b46e672068e1bba7792c206e68e1baad6e20c491c6b0e1bba363203c636f6c6f723d236666666630303e352e3030302e3030303c2f636f6c6f723e20c49169e1bb836d206b696e68206e676869e1bb876d1001180151000000f7000a4b4e68e1baad6e20c491c6b0e1bba363203c636f6c6f723d236666666630303e322076e1baa16e2031353630206cc6b0e1bba36e673c2f636f6c6f723e2074e1bbab2044c3a32054e1baa97510011801
  251: 00000000fb00
  251: 00000000fb00
--- chon='Ngẫu nhiên tất cả phần thưởng' ops=[9, 9, 9, 9, 9, 9, 9, 9, 16, 9, 9, 9, 9, 9, 9, 9, 9, 9, 9, 9, 9, 9, 9, 9, 9, 9, 9, 9, 9, 9, 9, 9, 9, 9, 9, 251, 9, 9, 9, 9, 9, 9, 9, 9, 9, 9, 9, 9, 9, 9] ---
  16: 31000000100008c8c51310a3c21e18964e20b1901f28904e38deeaadd10642063130333131344a0f4ec3b4204ce1bb872053e1bb91203554000000f7000a4e4e68e1baad6e20c491c6b0e1bba363203c636f6c6f723d236666666630303e4ce1bb876e682062c3a069202854e1bb916e67204b696d293c2f636f6c6f723e2074e1bbab2044c3a32054e1baa97510011801140000000900317c3130323130397c35353936337c3438323236
  251: 00000000fb00140000000900317c3130333738337c35363137367c3438353332
--- chon='Ngẫu nhiên tất cả phần thưởng' ops=[9, 9, 9, 247, 9, 9, 9, 9, 9, 9, 9, 9, 9, 9, 9, 9, 9, 9, 9, 9, 9, 9, 9, 251, 9, 9, 9, 9, 9, 9, 9, 9, 9, 9] ---
  247: 5b000000f7000a554e68e1baad6e20c491c6b0e1bba363203c636f6c6f723d236666666630303e362e3134372e3630303c2f636f6c6f723e20c49069e1bb836d206b696e68206e676869e1bb876d2074e1bbab2044c3a32054e1baa9751001180100000000fb0066000000090033357c3130323636367c5468c3ba792059c3aa6e2058587c317c357c7c327c307c37357c313738347c313934327c307c31357c31347c31357c377c35343738347c34383536367c313734347c313934327c307c307c307c337c31357c307c347c307c307c307c
  251: 00000000fb00
--- chon='Ngẫu nhiên tất cả phần thưởng' ops=[9, 9, 9, 16, 9, 9, 9, 9, 9, 9, 9, 9, 9, 9, 9, 9, 9, 9, 9, 9, 9, 9, 9, 9, 9, 9, 9, 251, 9, 9, 9, 9, 9, 9, 9, 9, 9, 9, 9, 9, 9, 9, 9, 9, 9, 9, 9, 9, 9, 9, 9, 9, 9, 9, 9] ---
  16: 31000000100008d8931410f3d71c18964e2081a61d28904e38fceaadd10642063130333131344a0f4ec3b4204ce1bb872053e1bb9120355b000000f7000a554e68e1baad6e20c491c6b0e1bba363203c636f6c6f723d236666666630303e48e1bb8f61205068c3b26e6720686fc3a06e202854e1bb916e67204b696d293c2f636f6c6f723e2074e1bbab2044c3a32054e1baa97510011801
  251: 00000000fb00
--- chon='Điểm kinh nghiệm' ops=[9, 9, 9, 9, 9, 9, 247, 251, 9, 9, 9, 9, 9, 9, 9, 9, 9, 9, 9, 9, 9, 9, 9, 9, 9, 9, 9, 9, 9, 9, 9, 9, 9, 9, 9, 9, 9, 9, 9, 9, 9, 9, 9, 9, 9, 9, 9, 9, 9, 9, 9, 9] ---
  247: 5b000000f7000a554e68e1baad6e20c491c6b0e1bba363203c636f6c6f723d236666666630303e372e3938362e3631363c2f636f6c6f723e20c49069e1bb836d206b696e68206e676869e1bb876d2074e1bbab2044c3a32054e1baa97510011801
  251: 00000000fb00
--- chon='Ngân lượng' ops=[9, 9, 9, 9, 9, 9, 247, 9, 9, 9, 9, 9, 9, 9, 9, 9, 9, 9, 9, 9, 9, 9, 9, 9, 9, 9, 9, 9, 9, 9, 9, 9, 9, 9, 9, 9, 9, 9, 9, 9, 9, 9, 9, 9, 9, 9, 9, 9] ---
  247: 50000000f7000a4a4e68e1baad6e20c491c6b0e1bba363203c636f6c6f723d236666666630303e322076e1baa16e20373930206cc6b0e1bba36e673c2f636f6c6f723e2074e1bbab2044c3a32054e1baa97510011801
--- chon='Ngẫu nhiên tất cả phần thưởng' ops=[9, 9, 9, 247, 9, 9, 9, 9, 251, 9, 9, 9, 9, 9, 9, 9, 9, 9, 251, 9, 9, 9, 9, 9, 9, 9, 9] ---
  247: 5b000000f7000a554e68e1baad6e20c491c6b0e1bba363203c636f6c6f723d236666666630303e332e3232372e3630303c2f636f6c6f723e20c49069e1bb836d206b696e68206e676869e1bb876d2074e1bbab2044c3a32054e1baa97510011801
  251: 00000000fb00
  251: 00000000fb00
--- chon='Ngẫu nhiên tất cả phần thưởng' ops=[9, 9, 9, 9, 9, 9, 9, 16, 247, 9, 9, 9, 9, 9, 9, 9, 9, 9, 9, 9, 9, 9, 9, 9, 9, 9, 9, 9, 9, 9, 9, 9, 9, 9, 9, 9, 251, 9, 9, 9, 9, 9, 9, 9, 9, 9, 9, 9] ---
  16: 310000001000089888031093f41d18964e20a1c21e28904e38c5ebadd10642063130333131344a0f4ec3b4204ce1bb872053e1bb912035
  247: 55000000f7000a4f4e68e1baad6e20c491c6b0e1bba363203c636f6c6f723d236666666630303e436869e1babf6e2063e1bb95202854e1bb916e67204b696d293c2f636f6c6f723e2074e1bbab2044c3a32054e1baa97510011801
  251: 00000000fb00
--- chon='Ngẫu nhiên tất cả phần thưởng' ops=[9, 9, 9, 9, 9, 9, 9, 9, 9, 9, 9, 9, 9, 9, 9, 9, 9, 9, 9, 9, 9, 9, 9, 251, 9, 9, 9, 9, 9, 9, 9, 9, 9, 9, 9, 9, 9, 9, 9, 9, 9, 9, 9, 9, 9, 9, 9, 9, 9, 9, 9, 9, 9] ---
  251: 00000000fb00
--- chon='Thiết La Hán' ops=[9, 9, 9, 9, 9, 9, 9, 9, 9, 9, 9, 9, 16, 247, 9, 9, 9, 9, 9, 9, 9, 9, 9, 9, 9, 9, 9, 9, 9, 9, 9, 9, 9, 9, 9, 9, 9, 9, 251, 9, 9, 9, 9, 9, 9, 9, 9, 9, 9, 9, 9, 9, 9, 9] ---
  16: 31000000100008b8950910934e18964e20a19c0128904e38beecadd10642063130333131374a104ec3b420c3aae1bb872053e1bb912036
  247: 4b000000f7000a454e68e1baad6e20c491c6b0e1bba363203c636f6c6f723d236666666630303e546869e1babf74204c612048c3a16e3c2f636f6c6f723e2074e1bbab2044c3a32054e1baa97510011801140000000900317c3130323636367c35343835377c3438353831140000000900317c3130343932317c35363137367c3438353134140000000900317c3130323130397c35353538387c3438343133
  251: 00000000fb00
--- chon='Điểm kinh nghiệm' ops=[9, 9, 9, 247, 9, 9, 9, 251, 9, 9, 9, 9, 9, 9, 9, 9, 9, 9, 9, 9, 9, 9, 9, 9, 9, 9, 9, 9, 9, 251, 9, 9, 9, 9, 9, 9, 9, 9, 9, 9, 9] ---
  247: 5b000000f7000a554e68e1baad6e20c491c6b0e1bba363203c636f6c6f723d236666666630303e372e3234332e3630303c2f636f6c6f723e20c49069e1bb836d206b696e68206e676869e1bb876d2074e1bbab2044c3a32054e1baa97510011801
  251: 00000000fb00
  251: 00000000fb00
--- chon='Ngẫu nhiên tất cả phần thưởng' ops=[9, 9, 9, 9, 16, 9, 9, 9, 9, 9, 9, 9, 9, 251, 9, 9, 9, 9, 9, 9, 9, 9, 9, 9, 9, 9, 9, 9, 9, 9, 9, 9, 9, 9, 9, 251, 9, 9, 9, 9, 9, 9, 9, 9, 9] ---
  16: 32000000100008b8f71210b39f1a18964e20c1ed1a28904e38e0ecadd10642063130333131374a104ec3b420c3aae1bb872053e1bb9120365a000000f7000a544e68e1baad6e20c491c6b0e1bba363203c636f6c6f723d236666666630303e43616f20546869e1bb836d20686fc3a06e202854e1bb916e67204b696d293c2f636f6c6f723e2074e1bbab2044c3a32054e1baa97510011801140000000900317c3130323130397c35353434347c3438343834140000000900317c3130323636367c35353739317c3438333131
  251: 00000000fb00140000000900317c3130323636367c35353639387c3438333238130000000900317c31303432347c35353739327c3438363136140000000900317c3130343932317c35363236347c3438313633140000000900317c3130333337367c35363138377c3438313235
  251: 00000000fb00
--- chon='Ngẫu nhiên tất cả phần thưởng' ops=[9, 9, 9, 9, 9, 9, 9, 9, 16, 9, 9, 9, 9, 9, 9, 9, 9, 9, 9, 9, 9, 9, 9, 9, 9, 9, 9, 9, 9, 9, 9, 9, 9, 9, 9, 9, 9, 9, 9, 9, 9, 251, 9, 9, 9, 9, 9, 9, 9, 9, 9, 9, 9, 9, 9, 9, 9] ---
  16: 32000000100008c8c5131093831918964e20a1d11928904e38f0ecadd10642063130333131374a104ec3b420c3aae1bb872053e1bb91203657000000f7000a514e68e1baad6e20c491c6b0e1bba363203c636f6c6f723d236666666630303e4769612042c3a06f20686fc3a06e202854e1bb916e67204b696d293c2f636f6c6f723e2074e1bbab2044c3a32054e1baa97510011801130000000900317c31303432347c35353137307c34383632320c000000090031347c3130323338387c3430
  251: 00000000fb00
--- chon='Ngẫu nhiên tất cả phần thưởng' ops=[251, 9, 9, 9, 9, 181, 9, 9, 9, 9, 9, 9, 9, 251, 9, 9, 9, 9, 9, 9, 9, 9, 251, 9, 9, 9, 9] ---
  251: 00000000fb00
  251: 00000000fb00
  251: 00000000fb00140000000900317c3130323636367c35353230347c3438363034
--- chon='Ngẫu nhiên tất cả phần thưởng' ops=[9, 9, 9, 9, 9, 9, 9, 9, 9, 9, 16, 247, 9, 9, 9, 9, 9, 251, 9, 9, 9, 9, 9, 9, 9, 9, 9, 9, 9, 9, 9, 9, 9, 9, 9, 9, 9, 9, 9, 9, 9, 9, 9, 9, 9, 9, 9, 9, 9, 9, 9, 9, 9] ---
  16: 32000000100008d8931410f3d71c18964e2081a61d28904e3896edadd10642063130333131374a104ec3b420c3aae1bb872053e1bb912036
  247: 5b000000f7000a554e68e1baad6e20c491c6b0e1bba363203c636f6c6f723d236666666630303e48e1bb8f61205068c3b26e6720686fc3a06e202854e1bb916e67204b696d293c2f636f6c6f723e2074e1bbab2044c3a32054e1baa97510011801140000000900317c3130323338387c35363137367c3438333234
  251: 00000000fb00
--- chon='Ngẫu nhiên tất cả phần thưởng' ops=[9, 9, 9, 9, 247, 9, 9, 9, 9, 9, 9, 9, 9, 9, 9, 9, 9, 9, 9, 9, 9, 9, 9, 9, 9, 9, 9, 9, 9, 9, 9, 9, 9, 9, 9, 9, 9, 9, 9, 9, 9, 251, 9, 9, 9, 9, 9, 9, 9] ---
  247: 49000000f7000a434e68e1baad6e20c491c6b0e1bba363203c636f6c6f723d236666666630303e35343732206cc6b0e1bba36e673c2f636f6c6f723e2074e1bbab2044c3a32054e1baa97510011801
  251: 00000000fb00
--- chon='Ngẫu nhiên tất cả phần thưởng' ops=[9, 9, 9, 9, 247, 9, 9, 9, 9, 9, 9, 9, 9, 9, 9, 9, 9, 9, 9, 9, 9, 9, 9, 9, 9, 9, 9, 251, 9, 9, 9, 9, 9, 9, 9, 9, 9, 9, 9, 9, 9, 9, 9, 9] ---
  247: 5b000000f7000a554e68e1baad6e20c491c6b0e1bba363203c636f6c6f723d236666666630303e342e3335302e3032343c2f636f6c6f723e20c49069e1bb836d206b696e68206e676869e1bb876d2074e1bbab2044c3a32054e1baa97510011801
  251: 00000000fb00
--- chon='Điểm kinh nghiệm' ops=[9, 9, 9, 9, 9, 9, 9, 9, 9, 9, 9, 9, 9, 9, 9, 9, 9, 9, 9, 9, 9, 9, 9, 9, 9, 9, 9, 9, 9, 9, 9, 9, 9, 9, 9, 9, 9, 9, 9, 9, 9, 9, 9, 9, 9, 9, 9, 9, 9, 9, 9, 9, 9, 9, 9] ---
--- chon='Quế Hoa Tửu' ops=[9, 16, 9, 9, 9, 9, 9, 9, 9, 9, 9, 9, 9, 9, 9, 9, 9, 9, 9, 9, 251, 9, 9, 9, 9, 9, 9, 9, 9, 9, 9, 9, 9, 9, 9, 9, 9, 9, 9, 9, 9, 9, 9, 251, 9, 9, 9, 9, 9, 9] ---
  16: 32000000100008e8e11410c3b80218964e20d1860328904e38ddedadd10642063130333131374a104ec3b420c3aae1bb872053e1bb9120364b000000f7000a454e68e1baad6e20c491c6b0e1bba363203c636f6c6f723d236666666630303e5175e1babf20486f612054e1bbad753c2f636f6c6f723e2074e1bbab2044c3a32054e1baa97510011801
  251: 00000000fb00
  251: 00000000fb00
--- chon='Ngẫu nhiên tất cả phần thưởng' ops=[9, 9, 9, 9, 9, 9, 9, 9, 9, 9, 9, 133, 9, 9, 9, 9, 9, 9, 9, 9, 9, 9, 9, 9, 9, 9, 9, 9, 9, 9, 9, 9, 9, 9, 9, 9, 9, 9, 9, 9, 9, 9, 9, 9, 9, 9, 9, 9] ---
  133: 5c0000008500080512063130323733311a084279616b7547616e22464dc38c4e482043e1baa64e2054c38c4d2042c3834920545241494e2043e1bba64120544f50312e2e2e4149204249e1babe5420504d204e48c389212040334033403340334033
--- chon='Ngẫu nhiên tất cả phần thưởng' ops=[9, 9, 9, 9, 9, 9, 247, 9, 9, 9, 9, 9, 9, 9, 9, 9, 9, 9, 9, 9, 9, 9, 9, 9, 9, 9, 9, 9, 9, 9, 9, 9, 9, 251, 9, 9, 9, 9, 9, 9, 9, 9, 9, 9, 9, 9, 9, 9, 9, 9, 9] ---
  247: 5b000000f7000a554e68e1baad6e20c491c6b0e1bba363203c636f6c6f723d236666666630303e342e3730382e3736383c2f636f6c6f723e20c49069e1bb836d206b696e68206e676869e1bb876d2074e1bbab2044c3a32054e1baa97510011801
  251: 00000000fb00140000000900317c3130323636367c35353535367c3438343238140000000900317c3130323434397c35353539357c3438343038
--- chon='Ngân lượng' ops=[9, 9, 247, 9, 9, 9, 9, 9, 9, 9, 9, 9, 251, 9, 9, 9, 9, 9, 9, 9, 9, 9, 9, 251, 9, 9, 9, 9, 9, 9, 9, 9, 9] ---
  247: 48000000f7000a424e68e1baad6e20c491c6b0e1bba363203c636f6c6f723d236666666630303e353034206cc6b0e1bba36e673c2f636f6c6f723e2074e1bbab2044c3a32054e1baa97510011801
  251: 00000000fb00140000000900317c3130323130397c35363136397c3438313232140000000900317c3130313033387c35343832347c3438363132
  251: 00000000fb00
--- chon='Điểm kinh nghiệm' ops=[9, 9, 9, 9, 9, 9, 9, 9, 9, 9, 9, 9, 9, 9, 9, 9, 9, 9, 9, 9, 9, 9, 9, 9, 9, 9, 9, 9, 251, 9, 9, 9, 9, 9, 9, 9, 9, 9, 9, 9, 9, 9, 9, 9, 9, 9, 9, 9, 9] ---
  251: 00000000fb00
--- chon='Chiến cổ (Tống Kim)' ops=[9, 9, 9, 9, 9, 9, 9, 9, 9, 9, 9, 9, 9, 9, 9, 9, 9, 9, 9, 9, 9, 9, 9, 9, 9, 9, 9, 9, 251, 9, 9, 9, 9, 9, 9, 9, 9, 9, 9, 9, 9, 9, 9, 9, 9, 9, 9] ---
  251: 00000000fb00140000000900317c3130333130327c35353330327c3437393238140000000900317c3130323130397c35353536387c3438343332
--- chon='Ngẫu nhiên tất cả phần thưởng' ops=[9, 9, 9, 9, 9, 9, 9, 9, 9, 9, 9, 9, 9, 9, 9, 9, 9, 9, 9, 9, 9, 9, 9, 9, 9, 9, 9, 9, 9, 9, 9, 9, 9, 9, 9, 9, 251, 9, 9, 9, 9, 9, 9] ---
  251: 00000000fb00140000000900317c3130343038367c35363233307c3438313934
--- chon='Ngẫu nhiên tất cả phần thưởng' ops=[9, 9, 247, 9, 9, 251, 9, 9, 9, 9, 9, 9, 9, 9, 9, 9, 9, 9, 9, 9, 9, 9, 9, 9, 9, 9, 9, 9, 9, 9, 251, 9, 9, 9, 9, 9, 9, 9, 9, 9, 9, 9, 9, 9, 9, 9, 9] ---
  247: 5b000000f7000a554e68e1baad6e20c491c6b0e1bba363203c636f6c6f723d236666666630303e372e3137312e3036343c2f636f6c6f723e20c49069e1bb836d206b696e68206e676869e1bb876d2074e1bbab2044c3a32054e1baa97510011801
  251: 00000000fb00
  251: 00000000fb00
--- chon='Ngẫu nhiên tất cả phần thưởng' ops=[16, 247, 9, 9, 9, 9, 9, 9, 9, 251, 9, 9, 9, 9, 9, 9, 9, 9, 9, 9, 9, 9, 9, 9, 9, 9, 9, 9, 9, 251, 9] ---
  16: 31000000100008c8d40e1083b51818964e2091831928904e38d9f2add10642063130333130374a0f4ec3b4204ce1bb872053e1bb912038
  247: 5f000000f7000a594e68e1baad6e20c491c6b0e1bba363203c636f6c6f723d236666666630303e5472c6b0e1bb9d6e67204de1bb876e6820686fc3a06e202854e1bb916e67204b696d293c2f636f6c6f723e2074e1bbab2044c3a32054e1baa97510011801
  251: 00000000fb00
  251: 00000000fb0066000000090033357c3130323636367c5468c3ba792059c3aa6e2058587c317c357c7c327c307c37357c313738347c313934327c307c31357c31347c31357c377c35353033347c34383633367c313734347c313934327c307c307c307c337c31357c307c367c307c307c307c
--- chon='Băng Phòng hoàn (Tống Kim)' ops=[9, 9, 9, 9, 9, 16, 247, 9, 9, 9, 9, 9, 9, 9, 9, 9, 9, 9, 9, 9, 9, 9, 9, 9, 9, 9, 9, 9, 9, 9, 9, 9, 9, 9, 9, 9, 9, 9, 9, 9, 9, 9, 9, 9, 9, 9, 9, 9, 9] ---
  16: 3100000010000898db1110d3bb1b18964e20e1891c28904e38e8f2add10642063130333130374a0f4ec3b4204ce1bb872053e1bb912038
  247: 5b000000f7000a554e68e1baad6e20c491c6b0e1bba363203c636f6c6f723d236666666630303e42c4836e67205068c3b26e6720686fc3a06e202854e1bb916e67204b696d293c2f636f6c6f723e2074e1bbab2044c3a32054e1baa97510011801140000000900317c3130323338387c35363137367c3438333934140000000900317c3130323636367c35363034387c3438313834
--- chon='Thiết La Hán' ops=[9, 9, 9, 9, 9, 16, 247, 9, 9, 9, 9, 9, 9, 9, 9, 9, 9, 9, 9, 9, 9, 9, 9, 9, 9, 9, 9, 251, 9, 9, 9, 9, 9, 9, 9, 9, 9, 9, 9, 9, 9, 9, 9] ---
  16: 30000000100008a8a91210934e18964e20a19c0128904e38f6f2add10642063130333130374a0f4ec3b4204ce1bb872053e1bb912038
  247: 4b000000f7000a454e68e1baad6e20c491c6b0e1bba363203c636f6c6f723d236666666630303e546869e1babf74204c612048c3a16e3c2f636f6c6f723e2074e1bbab2044c3a32054e1baa97510011801
  251: 00000000fb00140000000900317c3130333738337c35363137367c3438343637
--- chon='Ngẫu nhiên tất cả phần thưởng' ops=[9, 9, 9, 9, 9, 9, 9, 9, 9, 9, 9, 247, 9, 9, 9, 9, 9, 251, 9, 9, 9, 9, 9, 9, 9, 9, 9, 9, 9, 9, 9, 9, 9, 9, 9, 9, 133, 9, 9, 9, 9, 9, 9, 9, 9, 9, 9, 9, 9, 9, 9, 9, 9, 9, 9] ---
  247: 5b000000f7000a554e68e1baad6e20c491c6b0e1bba363203c636f6c6f723d236666666630303e312e3434362e3330343c2f636f6c6f723e20c49069e1bb836d206b696e68206e676869e1bb876d2074e1bbab2044c3a32054e1baa97510011801
  251: 00000000fb00140000000900317c3130323636367c35353637367c3438333338
  133: 990000008500080512063130343136381a0e435456205068c3ba632052c3a26d227d3c636f6c6f723d677265656e3e20435456204ee1baa170204b4e42203c656e7465723e204b687579e1babf6e206dc3a369203525202d2054c3ad6368206ee1baa17020564950203c656e7465723e205a616c6f20303937392e33342e33342e393720403533205472756e67204769616e206e68616e68206368c3b36e67
--- chon='Ngẫu nhiên tất cả phần thưởng' ops=[9, 9, 9, 9, 9, 9, 9, 9, 9, 9, 9, 9, 9, 9, 9, 9, 9, 9, 9, 9, 9, 9, 9, 9, 9, 9, 9, 9, 9, 9, 9, 9, 9, 9, 9, 9, 9, 9, 9, 9, 9, 9, 9, 251, 9, 9, 9, 9, 9, 9, 9, 9, 9, 9] ---
  251: 00000000fb00
--- chon='Ngẫu nhiên tất cả kỳ trân dị bảo' ops=[9, 9, 9, 9, 9, 9, 16, 9, 9, 9, 9, 9, 9, 9, 9, 9, 9, 9, 9, 9, 9, 9, 9, 9, 9, 9, 9, 9, 9, 9, 9, 9, 9, 9, 9, 9, 9, 251, 9, 9, 9, 9, 9, 9, 9, 9, 9, 9, 9, 9, 9, 9, 9, 9, 9] ---
  16: 31000000100008b8f71210a3c21e18964e20b1901f28904e38adf3add10642063130333130374a0f4ec3b4204ce1bb872053e1bb91203854000000f7000a4e4e68e1baad6e20c491c6b0e1bba363203c636f6c6f723d236666666630303e4ce1bb876e682062c3a069202854e1bb916e67204b696d293c2f636f6c6f723e2074e1bbab2044c3a32054e1baa97510011801
  251: 00000000fb00140000000900317c3130323130397c35353137327c3438363035140000000900317c3130333738337c35363137367c3438313930
--- chon='Ngẫu nhiên tất cả kỳ trân dị bảo' ops=[9, 9, 9, 9, 9, 9, 251, 9, 9, 9, 9, 9, 9, 9, 9, 9, 9, 9, 9, 9, 9, 9, 9, 9, 9, 9, 9, 9, 9, 9, 251, 9, 9, 9, 9, 9, 9, 9, 9, 9, 9, 9, 9, 9, 9, 9, 9, 9, 9, 9] ---
  251: 00000000fb00
  251: 00000000fb00140000000900317c3130323130397c35353938357c3438323134140000000900317c3130323338387c35363137367c3438313336
--- chon='Ngẫu nhiên tất cả phần thưởng' ops=[247, 9, 9, 9, 9, 9, 9, 251, 9, 9, 9, 9, 9, 9, 9, 9, 9, 9, 9, 9, 9, 9, 9, 9, 9, 9, 9, 9, 9, 9, 9, 9, 9, 9, 9, 9, 9, 9, 9, 9, 9, 9, 9, 9, 9, 9] ---
  247: 5b000000f7000a554e68e1baad6e20c491c6b0e1bba363203c636f6c6f723d236666666630303e332e3637392e3038303c2f636f6c6f723e20c49069e1bb836d206b696e68206e676869e1bb876d2074e1bbab2044c3a32054e1baa97510011801
  251: 00000000fb00140000000900317c3130323338387c35363137367c3438363030140000000900317c3130343932317c35363137367c3438353434
--- chon='Ngẫu nhiên tất cả phần thưởng' ops=[9, 9, 9, 9, 9, 9, 9, 9, 9, 251, 247, 247, 9, 9, 9, 9, 9, 9, 9, 9, 9, 9, 9, 9, 9, 9, 9, 9, 9, 9, 9, 9, 9, 9, 9, 9, 251, 9, 9, 9, 9, 9, 9, 9, 9, 9, 9, 9, 9, 9, 9, 9, 9, 9, 9, 9, 9, 9, 9, 9] ---
  251: 00000000fb00140000000900317c3130323130397c35353134347c3438363233140000000900317c3130323636367c35353139337c3438363039
  247: 9c000000f7000a9501486fc3a06e207468c3a06e68206c69c3aa6e207469e1babf70203c636f6c6f723d233030666630303e31303c2f636f6c6f723e206e6869e1bb876d2076e1bba5206b68c3b46e672068e1bba7792c206e68e1baad6e20c491c6b0e1bba363203c636f6c6f723d236666666630303e352e3030302e3030303c2f636f6c6f723e20c49169e1bb836d206b696e68206e676869e1bb876d10011801
  247: 59000000f7000a534e68e1baad6e20c491c6b0e1bba363203c636f6c6f723d236666666630303e3433302e3838383c2f636f6c6f723e20c49069e1bb836d206b696e68206e676869e1bb876d2074e1bbab2044c3a32054e1baa97510011801
  251: 00000000fb00
--- chon='Quế Hoa Tửu' ops=[9, 9, 9, 9, 9, 9, 9, 9, 9, 16, 247, 9, 9, 9, 9, 9, 251, 9, 9, 9, 9, 9, 9, 9, 9, 9, 9, 9, 9, 9, 9, 9, 9, 9, 9, 9, 9, 251, 9, 9, 9, 9, 9, 9, 9, 9, 9, 9, 9, 9] ---
  16: 31000000100008d8931410c3b80218964e20d1860328904e38e8f3add10642063130333130374a0f4ec3b4204ce1bb872053e1bb912038
  247: 4b000000f7000a454e68e1baad6e20c491c6b0e1bba363203c636f6c6f723d236666666630303e5175e1babf20486f612054e1bbad753c2f636f6c6f723e2074e1bbab2044c3a32054e1baa97510011801
  251: 00000000fb00
  251: 00000000fb00140000000900317c3130343932317c35363137367c3438343434
--- chon='Ngân lượng' ops=[9, 9, 9, 9, 9, 9, 9, 9, 9, 9, 9, 9, 9, 9, 9, 9, 9, 9, 9, 9, 9, 251, 9, 9, 9, 9, 9, 9, 9, 9, 9, 9, 9, 9, 9, 9, 9, 9, 9, 9, 9, 9, 9, 9, 9, 9, 9, 9, 9, 9, 9] ---
  251: 00000000fb00
--- chon='Điểm kinh nghiệm' ops=[251, 247, 9, 9, 9, 9, 9, 9, 9, 9, 9, 9, 251, 9, 9, 9, 9, 9, 9, 9, 9, 9, 9, 9, 9, 9, 9, 9, 9, 9, 9, 9, 9, 251, 9, 9] ---
  251: 00000000fb00
  247: 5b000000f7000a554e68e1baad6e20c491c6b0e1bba363203c636f6c6f723d236666666630303e352e3039372e3836343c2f636f6c6f723e20c49069e1bb836d206b696e68206e676869e1bb876d2074e1bbab2044c3a32054e1baa97510011801
  251: 00000000fb00
  251: 00000000fb00
--- chon='Quế Hoa Tửu' ops=[9, 9, 9, 16, 9, 9, 9, 9, 9, 9, 9, 9, 9, 9, 9, 9, 9, 9, 9, 9, 9, 9, 9, 9, 9, 9, 9, 9, 9, 9, 9, 9, 9, 9, 9, 9, 9, 9, 9, 9, 9, 9, 9, 9, 9, 9, 9] ---
  16: 31000000100008e8e11410c3b80218964e20d1860328904e3897f4add10642063130333130374a0f4ec3b4204ce1bb872053e1bb9120384b000000f7000a454e68e1baad6e20c491c6b0e1bba363203c636f6c6f723d236666666630303e5175e1babf20486f612054e1bbad753c2f636f6c6f723e2074e1bbab2044c3a32054e1baa975100118010c000000090031347c3130343932317c3339
--- chon='Điểm kinh nghiệm' ops=[9, 9, 9, 9, 9, 181, 247, 9, 9, 251, 9, 9, 9, 9, 9, 9, 9, 9, 9, 9, 9, 9, 9, 9, 9, 9, 9, 9, 9, 9, 9, 9, 9, 9, 9, 9, 9, 9, 9, 9, 9, 9, 9, 9, 9, 9, 9] ---
  247: 5b000000f7000a554e68e1baad6e20c491c6b0e1bba363203c636f6c6f723d236666666630303e362e3031372e3136303c2f636f6c6f723e20c49069e1bb836d206b696e68206e676869e1bb876d2074e1bbab2044c3a32054e1baa97510011801
  251: 00000000fb00140000000900317c3130323636367c35353932307c3438323438
--- chon='Ngẫu nhiên tất cả kỳ trân dị bảo' ops=[251, 9, 16, 247, 9, 9, 9, 9, 9, 9, 9, 9, 9, 9, 9, 9, 9, 9, 251, 9, 9, 9, 9, 9, 9, 9, 9, 9, 9, 9, 9, 9, 9, 9, 9, 9, 9, 9, 9, 9] ---
  251: 00000000fb00
  16: 31000000100008f8af151093831918964e20a1d11928904e38b4f4add10642063130333130374a0f4ec3b4204ce1bb872053e1bb912038
  247: 57000000f7000a514e68e1baad6e20c491c6b0e1bba363203c636f6c6f723d236666666630303e4769612042c3a06f20686fc3a06e202854e1bb916e67204b696d293c2f636f6c6f723e2074e1bbab2044c3a32054e1baa97510011801140000000900317c3130333738337c35363237337c3438313636140000000900317c3130323130397c35343830387c3438353430140000000900317c3130323338387c35363137367c3438353937
  251: 00000000fb00
--- chon='Ngân lượng' ops=[9, 9, 9, 9, 9, 9, 9, 9, 9, 9, 9, 9, 9, 9, 9, 9, 9, 9, 9, 9, 9, 9, 9, 9, 9, 9, 9, 9, 9, 9, 9, 9, 9, 9, 9, 9, 9, 251, 9, 9, 9, 9, 9, 9, 9, 9, 9, 9, 9, 9, 9] ---
  251: 00000000fb00
--- chon='Ngẫu nhiên tất cả phần thưởng' ops=[9, 247, 9, 9, 9, 9, 9, 251, 9, 9, 9, 9, 9, 9, 9, 9, 9, 9, 9, 9, 9, 9, 9, 9, 9, 9, 9, 9, 9, 9, 9, 9, 9, 9, 9, 9, 9, 9, 9, 9, 9, 9, 9, 9, 9, 9, 9, 9, 9] ---
  247: 5b000000f7000a554e68e1baad6e20c491c6b0e1bba363203c636f6c6f723d236666666630303e362e3230322e3431363c2f636f6c6f723e20c49069e1bb836d206b696e68206e676869e1bb876d2074e1bbab2044c3a32054e1baa97510011801
  251: 00000000fb00
--- chon='Ngẫu nhiên tất cả phần thưởng' ops=[9, 9, 9, 9, 9, 9, 9, 9, 9, 9, 9, 251, 9, 9, 9, 9, 9, 9, 9, 9, 9, 9, 9, 9, 9, 9, 9, 9, 9, 9, 9, 9, 9, 9, 9, 9, 9, 9, 9, 9, 9, 9, 9, 9, 9, 9, 9, 9, 9, 9] ---
  251: 00000000fb00
--- chon='Ngân lượng' ops=[9, 9, 9, 9, 9, 247, 247, 9, 9, 9, 9, 9, 9, 9, 9, 9, 9, 9, 9, 9, 9, 251, 9, 9, 9, 9, 9, 9, 9, 9, 9, 9, 9, 9, 9, 9, 9, 9, 9, 9, 9, 9, 9] ---
  247: 9c000000f7000a9501486fc3a06e207468c3a06e68206c69c3aa6e207469e1babf70203c636f6c6f723d233030666630303e32303c2f636f6c6f723e206e6869e1bb876d2076e1bba5206b68c3b46e672068e1bba7792c206e68e1baad6e20c491c6b0e1bba363203c636f6c6f723d236666666630303e352e3030302e3030303c2f636f6c6f723e20c49169e1bb836d206b696e68206e676869e1bb876d10011801
  247: 50000000f7000a4a4e68e1baad6e20c491c6b0e1bba363203c636f6c6f723d236666666630303e312076e1baa16e20373932206cc6b0e1bba36e673c2f636f6c6f723e2074e1bbab2044c3a32054e1baa97510011801
  251: 00000000fb00
