--- chon='Điểm kinh nghiệm' ops=[9, 9, 9, 9, 9, 9, 9, 9, 9, 9, 9, 9, 9, 9, 9, 9, 9, 9, 9, 9, 9, 9, 9, 9, 9, 9, 9, 9, 9, 9, 9, 9, 9, 9, 9, 9, 9, 9, 9, 9, 9, 9, 9] ---
--- chon='Ngẫu nhiên tất cả phần thưởng' ops=[9, 9, 9, 9, 9, 9, 9, 9, 9, 9, 9, 9, 9, 9, 9, 9, 9, 9, 9, 9, 9, 9, 9, 9, 9, 9, 9, 9, 9, 9, 9, 9, 9, 9, 9, 9, 9, 9, 9, 9, 9, 9, 9] ---
--- chon='Ngân lượng' ops=[9, 9, 9, 9, 9, 9, 9, 9, 9, 251, 9, 9, 9, 9, 9, 9, 133, 9, 9, 9, 9, 9, 9, 9, 9, 9, 9, 9, 9, 9, 9, 9, 9, 133, 9, 9, 9, 9, 9, 9, 9, 9, 9] ---
  251: 00000000fb00
  133: 630000008500080512063130323334301a11c490e1bb832043686f2031204368c3a0792244354820564950204749c38120204348e1bb882054e1bbaa2033306b205452e1bb9e204ce1baa0492054e1baa0492044c6afc6a04e47204368c3825520c490c3944e47202e
  133: 6c0000008500080512063130323531371a0d5468e1bba7792051756fc3a16922516d7561204c616d2042e1baa36f2052c6b0c6a16e672032356b696d2e2051485420346b696d2e205453424c20322e356b696d2e2e2062c3a16e206a20706d2062c3a16f20736c206764206d756120736c6c
--- chon='Đại Lực hoàn (Tống Kim)' ops=[9, 9, 9, 9, 9, 9, 9, 9, 9, 9, 9, 251, 9, 9, 9, 9, 9, 9, 9, 9, 9, 9, 9, 9, 9, 9, 9, 9, 9, 9, 9, 9, 9, 9, 9, 9, 9, 9, 9, 9, 9, 9, 9, 9, 9, 9] ---
  251: 00000000fb00140000000900317c3130333633307c35353339397c3439323734140000000900317c3130313637387c35353335337c3439323734140000000900317c3130343938307c35343938337c3439343435140000000900317c3130313434347c35363136307c3439323936
--- chon='Ngẫu nhiên tất cả phần thưởng' ops=[9, 9, 9, 9, 9, 9, 16, 9, 9, 251, 9, 9, 9, 9, 9, 9, 9, 9, 9, 9, 9, 9, 9, 9, 9, 9, 133, 9, 9, 9, 9, 9, 9, 9, 9, 9, 9, 9, 9, 9, 9] ---
  16: 3400000010000888ba0210a3c21e18964e20b1901f28904e388181d6d10642063130363237334a124469e1bb87702048e1bb8f612050686f6e6754000000f7000a4e4e68e1baad6e20c491c6b0e1bba363203c636f6c6f723d236666666630303e4ce1bb876e682062c3a069202854e1bb916e67204b696d293c2f636f6c6f723e2074e1bbab2044c3a32054e1baa97510011801140000000900317c3130333633307c35353937387c3439333034
  251: 00000000fb001e0000000900307c31303437317c33317c313439327c33327c343537347c33337c393534
  133: a90000008500080512063130313439391a064e6761204d7922743c56c3b42054c6b0e1bb9b6e67205068c3a170205175c3a16e3e2053e1baa05020c490e1bb9220564950204de1bb9c4920414520434c49434b20484fe1bab643204748c3892054c6afc6a04e472044c6afc6a04e472054c38259205a414c4f2030353233373230393938403740374037403740372a1f31377c3c56c3b42054c6b0e1bb9b6e67205068c3a170205175c3a16e3e7c31160000000900307c31303135307c33317c323336327c33327c393831140000000900317c3130353334397c35353433377c34393535396a000000090033357c3130313434347c5468e1baa76e5468e1bb957c307c387c5448e1baa64e7c347c34357c38307c3938377c363137397c307c31357c327c31357c307c35343936357c34393338317c3938377c353832357c307c307c357c337c31347c307c347c35317c35317c307c0c000000090031357c3130313434347c3139
--- chon='Ngẫu nhiên tất cả kỳ trân dị bảo' ops=[9, 9, 9, 9, 9, 9, 9, 16, 9, 9, 9, 9, 9, 9, 9, 9, 9, 9, 9, 9, 9, 9, 9, 9, 251, 9, 9, 9, 9, 9, 9, 9, 9, 9, 9, 9, 9, 9, 9, 9, 9, 9, 9] ---
  16: 3500000010000888ba0210a3c21e18964e20b1901f28a09c01388181d6d10642063130363237334a124469e1bb87702048e1bb8f612050686f6e6754000000f7000a4e4e68e1baad6e20c491c6b0e1bba363203c636f6c6f723d236666666630303e4ce1bb876e682062c3a069202854e1bb916e67204b696d293c2f636f6c6f723e2074e1bbab2044c3a32054e1baa97510011801
  251: 00000000fb00140000000900317c3130333139377c35353232387c3438373837130000000900317c31303438367c35353035377c3438363730100000000900307c3130353636347c33317c33333839140000000900317c3130313733357c35343935327c3439353238160000000900327c3130313831327c35353035377c34393332387c35
--- chon='Ngân lượng' ops=[9, 9, 9, 247, 9, 9, 9, 9, 9, 9, 9, 251, 9, 9, 9, 9, 9, 9, 9, 9, 9, 9, 9, 9, 9, 9, 9, 9, 9, 9, 251, 9, 9, 9, 9, 9, 9, 9] ---
  247: 49000000f7000a434e68e1baad6e20c491c6b0e1bba363203c636f6c6f723d236666666630303e36333030206cc6b0e1bba36e673c2f636f6c6f723e2074e1bbab2044c3a32054e1baa97510011801140000000900317c3130323434387c35353138397c3439343536140000000900317c3130313034337c35353335347c3439333038140000000900317c3130333633307c35353334387c3439323732140000000900317c3130313034337c35353335357c3439333131
  251: 00000000fb00140000000900317c3130323434387c35353232387c3439353137130000000900317c31303736397c35353533327c3439343438100000000900307c3130323434387c33317c33333132140000000900317c3130313034337c35353335397c3439333035
  251: 00000000fb00000000004500
--- chon='Ngẫu nhiên tất cả phần thưởng' ops=[9, 9, 9, 9, 9, 181, 9, 9, 9, 9, 9, 9, 9, 9, 9, 9, 9, 9, 9, 9, 9, 9, 9, 9, 9, 9, 9, 9, 9, 9, 9, 9, 9, 9, 133, 9, 9, 9, 9, 9, 9] ---
  133: 550000008500080512063130323531301a13446fc3a36e20c490e1baa169204869e1bb8770221b3c42e1bb9169205472616e67204ee1bb973e2074e1bb91632032302a1736377c3c42e1bb9169205472616e67204ee1bb973e7c31140000000900317c3130363832377c35343935367c3439333838140000000900317c3130333633307c35363234347c3439323732140000000900317c3130313138387c35343934367c3439353330140000000900317c3130323735367c35353631367c3439323732140000000900317c3130313434347c35353933367c3439323732140000000900317c3130353236327c35353035367c3439333834
--- chon='Ngân lượng' ops=[9, 9, 9, 34, 34, 9, 133, 247, 9, 9, 9, 9, 9, 9, 9, 9, 9, 9, 9, 9, 9, 9, 9, 9, 9, 9, 9, 9, 9, 9, 9, 9, 9, 9, 9, 9, 9, 9, 9, 9, 9] ---
  133: 8700000085000805120531303832361a0f444c582054c3a27958c3a04cc3b46e226bc490e1baa169204cc3bd205875204ee1baa17020436869e1babf6e204b68e1baa57520352520314d206e68e1baad6e2031303530206b696d202d20205472756e67204769616e205472616f20c490e1bb9569203234202f37205a616c6f20303930393039202e2037373330
  247: 49000000f7000a434e68e1baad6e20c491c6b0e1bba363203c636f6c6f723d236666666630303e36313838206cc6b0e1bba36e673c2f636f6c6f723e2074e1bbab2044c3a32054e1baa97510011801130000000900317c31303231367c35353936307c3439333034140000000900317c3130333633307c35353239337c3439323732140000000900317c3130333835337c35353334307c3438393239
--- chon='Ngân lượng' ops=[9, 9, 9, 9, 247, 9, 9, 9, 9, 9, 9, 9, 251, 9, 9, 9, 9, 9, 9, 9, 9, 9, 9, 9, 133, 9, 9, 9, 9, 9, 9, 9, 9, 9, 9, 9, 9, 9, 9, 9] ---
  247: 49000000f7000a434e68e1baad6e20c491c6b0e1bba363203c636f6c6f723d236666666630303e32333430206cc6b0e1bba36e673c2f636f6c6f723e2074e1bbab2044c3a32054e1baa97510011801
  251: 00000000fb00
  133: 400000008500080512063130373132381a0a4de1bb9963476961514e22283c546869e1babf74204c612048c3a16e3e202035302056e1baa04e204149204d5541204b4f204942
--- chon='Gia Bào hoàn (Tống Kim)' ops=[9, 251, 9, 9, 9, 16, 9, 9, 9, 9, 9, 9, 9, 9, 9, 9, 9, 9, 9, 9, 9, 9, 9, 9, 9, 9, 9, 9, 9, 9, 9, 9, 9, 9, 9, 9, 9, 9, 251, 9] ---
  251: 00000000fb00130000000900317c31303139357c35353435307c34393236330f0000000900307c31303139357c33317c31313733
  16: 34000000100008e88e061093831918964e20a1d11928904e3899a5d6d10642063130363237334a124469e1bb87702048e1bb8f612050686f6e6757000000f7000a514e68e1baad6e20c491c6b0e1bba363203c636f6c6f723d236666666630303e4769612042c3a06f20686fc3a06e202854e1bb916e67204b696d293c2f636f6c6f723e2074e1bbab2044c3a32054e1baa97510011801130000000900317c31303139357c35353530347c3439323838
  251: 00000000fb00
--- chon='Điểm kinh nghiệm' ops=[9, 9, 9, 9, 9, 247, 9, 9, 9, 9, 9, 9, 9, 9, 9, 9, 9, 9, 9, 9, 9, 9, 9, 9, 9, 9, 9, 9, 9, 9, 251, 9, 9, 9, 9, 9, 9, 9] ---
  247: 5b000000f7000a554e68e1baad6e20c491c6b0e1bba363203c636f6c6f723d236666666630303e312e3530382e3037383c2f636f6c6f723e20c49069e1bb836d206b696e68206e676869e1bb876d2074e1bbab2044c3a32054e1baa97510011801
  251: 00000000fb00140000000900317c3130333633307c35363133387c3439333034
--- chon='Lệnh bài (Tống Kim)' ops=[9, 9, 9, 247, 9, 251, 9, 9, 9, 9, 9, 9, 9, 9, 9, 9, 9, 9, 9, 9, 9, 9, 9, 9, 9, 9, 9, 9, 9, 9, 9, 9, 9, 9, 9, 9, 9, 9, 9] ---
  247: 54000000f7000a4e4e68e1baad6e20c491c6b0e1bba363203c636f6c6f723d236666666630303e4ce1bb876e682062c3a069202854e1bb916e67204b696d293c2f636f6c6f723e2074e1bbab2044c3a32054e1baa97510011801130000000900317c31303139357c35353731307c3439323935130000000900317c31303538337c35343839367c3439373539
  251: 00000000fb00130000000900317c31303139357c35353734337c34393330320f0000000900307c31303139357c33317c31313733130000000900317c31303538337c35343839367c3439373433
--- chon='Điểm kinh nghiệm' ops=[9, 9, 251, 9, 9, 9, 9, 9, 9, 9, 9, 9, 9, 9, 9, 9, 9, 9, 9, 9, 9, 9, 9, 9, 9, 9, 9, 9, 9, 9, 9, 9, 9, 9, 9, 9, 9, 9, 9, 9, 9, 9] ---
  251: 00000000fb00140000000900317c3130313732307c35353931377c3439323732140000000900317c3130333633307c35363033397c3439323732140000000900317c3130333334347c35353730387c3439323934130000000900317c31303437317c35343932387c3439353632270000000900307c3130313436347c31377c323330367c33317c313333327c33327c313838377c33337c393831
--- chon='Ngẫu nhiên tất cả phần thưởng' ops=[9, 9, 9, 9, 9, 9, 9, 9, 9, 9, 9, 9, 9, 9, 9, 9, 9, 9, 9, 9, 9, 9, 9, 9, 251, 133, 9, 9, 9, 9, 9, 9, 9, 9, 9, 9, 9, 9, 9, 9, 9] ---
  251: 00000000fb00130000000900317c31303437317c35353938347c3439323732140000000900317c3130333633307c35353434307c3439323732140000000900317c3130313732307c35353833367c3439333034130000000900317c31303139357c35353638347c3439323838100000000900307c3130353731387c33317c31313836140000000900317c3130343431327c35353630307c3439323732140000000900317c3130333334347c35363239377c3439333635
  133: 680000008500080512063130353536301a124b68616e6720546869c3aa6e20c490e1babf22303c546869e1babf74204c612048c3a16e3e203c546869e1babf74204c612048c3a16e3e202078c3ba63206ce1bab920652a1634377c3c546869e1babf74204c612048c3a16e3e7c30130000000900317c31303139357c35353639367c3439323838140000000900317c3130333334347c35363330347c3439333638
--- chon='Ngẫu nhiên tất cả phần thưởng' ops=[9, 9, 9, 9, 9, 9, 9, 9, 9, 9, 251, 9, 9, 9, 9, 133, 9, 9, 9, 9, 9, 9, 9, 9, 9, 9, 9, 9, 9, 251, 9, 9, 9, 9, 9, 9, 9, 9, 9, 9] ---
  251: 00000000fb00130000000900317c31303936337c35353930327c3439323732
  133: d00000008500080512063130343235371a0cc490e1bb9963204ce1baaf6d227a3c5b43e1bbb163205068e1baa96d5d20546869c3aa6e20486fc3a06e67204c6f6e672042e1baa16368204c6f6e672054e1bba9633e2062c3a16e203564206368c6b0e1bb9f6e672037352063686f2061652073c3a26e20626f7373206769c3a12062c3a86f2040374037403740374037403740374037403740372a3a31387c3c5b43e1bbb163205068e1baa96d5d20546869c3aa6e20486fc3a06e67204c6f6e672042e1baa16368204c6f6e672054e1bba9633e7c32130000000900317c31303936337c35353832347c3439323732
  251: 00000000fb00130000000900317c31303936337c35353632307c3439323732140000000900317c3130333633307c35363036377c3439323732140000000900317c3130363930397c35343935327c3439353430
--- chon='Ngẫu nhiên tất cả kỳ trân dị bảo' ops=[9, 9, 9, 247, 9, 9, 9, 9, 9, 9, 9, 9, 9, 9, 9, 9, 9, 9, 9, 9, 9, 9, 9, 9, 9, 9, 9, 9, 9, 9, 9, 9, 9, 9] ---
  247: 5b000000f7000a554e68e1baad6e20c491c6b0e1bba363203c636f6c6f723d236666666630303e48e1bb8f61205068c3b26e6720686fc3a06e202854e1bb916e67204b696d293c2f636f6c6f723e2074e1bbab2044c3a32054e1baa97510011801140000000900317c3130313834307c35353032347c3439333834150000000900327c31303139357c35353234387c34393237327c33140000000900317c3130343431327c35353835367c3439333230
--- chon='Ngân lượng' ops=[9, 9, 9, 9, 9, 9, 9, 9, 9, 9, 9, 9, 9, 9, 9, 9, 9, 9, 9, 9, 9, 9, 9, 9, 9, 9, 9, 9, 9, 9, 9, 251, 9, 9, 9, 9, 9, 9] ---
  251: 00000000fb00130000000900317c31303139357c35353937327c34393330340b000000090031347c31303139357c3430140000000900317c3130323735367c35363033397c3439313036
--- chon='Điểm kinh nghiệm' ops=[9, 9, 9, 9, 9, 9, 9, 9, 9, 9, 9, 9, 9, 9, 9, 9, 9, 9, 9, 9, 9, 9, 9, 9, 9, 9, 9, 9, 9, 9, 9, 9, 9, 9, 9, 9, 251, 9, 9, 9, 9] ---
  251: 00000000fb00
--- chon='Ngẫu nhiên tất cả phần thưởng' ops=[9, 251, 247, 9, 9, 251, 133, 9, 9] ---
  251: 00000000fb00
  247: 59000000f7000a534e68e1baad6e20c491c6b0e1bba363203c636f6c6f723d236666666630303e3531352e3139383c2f636f6c6f723e20c49069e1bb836d206b696e68206e676869e1bb876d2074e1bbab2044c3a32054e1baa97510011801
  251: 00000000fb00
  133: a50000008500080512063130313439331a0843c3b46e206c6f6e22723c5472c4a92056c4a92054e1bb916e67204e676f613e2053e1baa05020c490e1bb9220564950204de1bb9c4920414520434c49434b20484fe1bab643204748c3892054c6afc6a04e472044c6afc6a04e472054c38259205a414c4f20303532333732303939384037403740374037403740372a1b33337c3c5472c4a92056c4a92054e1bb916e67204e676f613e7c31
--- chon='Điểm kinh nghiệm' ops=[251, 181, 247, 9, 9, 9, 9, 9, 9, 9, 9, 9, 251, 9, 9, 9, 9, 9, 133, 9, 9, 9, 9] ---
  251: 00000000fb00
  247: 5b000000f7000a554e68e1baad6e20c491c6b0e1bba363203c636f6c6f723d236666666630303e312e3137322e3637383c2f636f6c6f723e20c49069e1bb836d206b696e68206e676869e1bb876d2074e1bbab2044c3a32054e1baa97510011801
  251: 00000000fb00
  133: 520000008500080512063130313336341a1642c6b0e1bb9f6920546f204e68e1baa5742058c3b36d222e4d75612062e1bb956e6720484e4c2061692062c3a16e20706d204d756120c49174626b2061692062c3a16e20706d
--- chon='Điểm kinh nghiệm' ops=[9, 9, 9, 9, 9, 9, 9, 9, 9, 9, 9, 9, 9, 9, 9, 9, 9, 9, 9, 9, 9, 9, 9, 9, 9, 9, 9, 9, 9, 9, 9, 9, 9, 9, 9] ---
--- chon='Ngân lượng' ops=[251, 9, 9, 247, 9, 9, 9, 9, 9, 9, 9, 9, 9, 9, 9, 9, 9, 251, 9, 9, 9, 9, 9, 9, 9, 9, 9, 9, 9, 9, 9, 9, 9] ---
  251: 00000000fb00140000000900317c3130333633307c35363034367c3439333034140000000900317c3130343431327c35353335387c34393237320c000000090031347c3130313433347c34300c000000090031347c3130323039397c3430
  247: 49000000f7000a434e68e1baad6e20c491c6b0e1bba363203c636f6c6f723d236666666630303e31383732206cc6b0e1bba36e673c2f636f6c6f723e2074e1bbab2044c3a32054e1baa97510011801140000000900317c3130333633307c35363037367c3439333034
  251: 00000000fb00140000000900317c3130333633307c35363236307c3439333436
--- chon='Ngân lượng' ops=[9, 9, 9, 9, 9, 251, 9, 9, 9, 133, 9, 9, 9, 9, 9, 9, 9, 9, 9, 9, 9, 9, 9, 9, 9, 9, 9, 9, 9, 9, 9, 9, 9, 9, 9, 9, 9, 9, 9] ---
  251: 00000000fb00140000000900317c3130333532377c35353237307c3439353533140000000900317c3130333633307c35363135307c34393237320c000000090031347c3130313433347c34300c000000090031347c3130313033397c3430140000000900317c3130363936357c35353534347c3439343438140000000900317c3130313339377c35363132327c3439323732140000000900317c3130363939327c35353037337c3439343234130000000900317c31303139357c35353931367c34393330340b000000090031347c31303139357c34300c000000090031347c3130323039397c34300b000000090031347c31303230397c3430
  133: 7c0000008500080512063130323037331a06447261676f6e224e3c4b696d204e677579c3aa6e2042e1baa36f3e2062c3a16e206b6e62206769c3a1203837206d756120c49169e1bb836d2074e1bb916e67206b696d204032394032384033324033324034324034322a1836367c3c4b696d204e677579c3aa6e2042e1baa36f3e7c31
--- chon='Điểm kinh nghiệm' ops=[9, 9, 9, 247, 9, 9, 9, 9, 9, 9, 9, 9, 9, 251, 9, 9, 9, 9, 9, 9, 9, 9, 9, 9, 9, 9, 9, 9, 9, 9, 9, 9, 9, 9, 9, 9, 9] ---
  247: 5b000000f7000a554e68e1baad6e20c491c6b0e1bba363203c636f6c6f723d236666666630303e312e3235392e3431343c2f636f6c6f723e20c49069e1bb836d206b696e68206e676869e1bb876d2074e1bbab2044c3a32054e1baa97510011801
  251: 00000000fb00
--- chon='Ngẫu nhiên tất cả kỳ trân dị bảo' ops=[9, 9, 16, 247, 9, 9, 9, 9, 133, 9, 9, 9, 9, 9, 9, 9, 9, 9, 9, 9, 9, 9, 9, 9, 9, 9, 9, 9, 9, 251, 9, 9, 9, 9, 9] ---
  16: 34000000100008d84f10d3bb1b18964e20e1891c28904e38f7b8d6d10642063130363237344a1344c6b0c6a16e67204b69e1babf6d204c6f6e67
  247: 5b000000f7000a554e68e1baad6e20c491c6b0e1bba363203c636f6c6f723d236666666630303e42c4836e67205068c3b26e6720686fc3a06e202854e1bb916e67204b696d293c2f636f6c6f723e2074e1bbab2044c3a32054e1baa97510011801140000000900317c3130313735387c35343935307c3439353032140000000900317c3130323735317c35353135357c3439333431130000000900317c31303139357c35353832307c3439323732140000000900317c3130333633307c35363231337c3439333233
  133: d00000008500080512063130343235371a0cc490e1bb9963204ce1baaf6d227a3c5b43e1bbb163205068e1baa96d5d20546869c3aa6e20486fc3a06e67204c6f6e672042e1baa16368204c6f6e672054e1bba9633e2062c3a16e203564206368c6b0e1bb9f6e672037352063686f2061652073c3a26e20626f7373206769c3a12062c3a86f2040374037403740374037403740374037403740372a3a31387c3c5b43e1bbb163205068e1baa96d5d20546869c3aa6e20486fc3a06e67204c6f6e672042e1baa16368204c6f6e672054e1bba9633e7c32140000000900317c3130313735387c35343932387c3439353434
  251: 00000000fb00
--- chon='Ngân lượng' ops=[9, 9, 9, 9, 9, 9, 9, 9, 9, 9, 9, 9, 9, 9, 9, 9, 9, 9, 9, 9, 9, 9, 9, 9, 9, 9, 9, 9, 9, 9, 9, 9, 9, 9, 9, 9, 9, 251] ---
  251: 00000000fb00140000000900317c3130343431327c35353130367c3439333835140000000900317c3130333633307c35363033337c3439323732
--- chon='Ngẫu nhiên tất cả phần thưởng' ops=[9, 9, 9, 9, 9, 9, 9, 9, 9, 9, 9, 9, 9, 9, 9, 9, 9, 9, 9, 9, 9, 9, 9, 9, 9, 9, 9, 9, 9, 9, 251, 9, 9, 9, 9, 9, 9, 9, 9] ---
  251: 00000000fb00
--- chon='Điểm kinh nghiệm' ops=[9, 9, 9, 9, 247, 9, 9, 9, 9, 9, 9, 9, 9, 9, 9, 9, 9, 251, 9, 9, 9, 9, 9, 9, 9, 40, 9, 9, 9, 9, 9, 9, 9, 9, 9] ---
  247: 5b000000f7000a554e68e1baad6e20c491c6b0e1bba363203c636f6c6f723d236666666630303e312e3036342e3831363c2f636f6c6f723e20c49069e1bb836d206b696e68206e676869e1bb876d2074e1bbab2044c3a32054e1baa975100118010d0000000900307c7c31317c32313238333338
  251: 00000000fb00
--- chon='Ngẫu nhiên tất cả phần thưởng' ops=[9, 9, 9, 9, 16, 9, 9, 9, 9, 9, 9, 9, 9, 9, 9, 9, 9, 9, 9, 9, 9, 9, 9, 9, 9, 9, 251, 9, 9, 9, 9, 9, 9, 9, 9, 9, 9, 9, 9] ---
  16: 35000000100008f8eb0110e3891c18964e20f1d71c28904e38a3bbd6d10642063130363237344a1344c6b0c6a16e67204b69e1babf6d204c6f6e675a000000f7000a544e68e1baad6e20c491c6b0e1bba363203c636f6c6f723d236666666630303e4cc3b469205068c3b26e6720686fc3a06e202854e1bb916e67204b696d293c2f636f6c6f723e2074e1bbab2044c3a32054e1baa97510011801140000000900317c3130333730377c35353037307c3439323731170000000900307c3130323032347c33317c313936307c33337c393036130000000900317c31303139357c35353538347c3439323732140000000900317c3130333633307c35353338327c3439323832140000000900317c3130323733327c35363234307c3439333336130000000900317c31303332367c35353937367c3439323732130000000900317c31303231367c35343936307c3439353736
  251: 00000000fb00150000000900327c31303139357c35353234387c34393237327c33130000000900317c31303332367c35353633367c3439323732140000000900317c3130333730377c35353230337c3439333034130000000900317c31303135377c35343934307c3439353533130000000900317c31303231367c35353337387c3439353235
--- chon='Ngẫu nhiên tất cả phần thưởng' ops=[9, 9, 9, 9, 9, 9, 9, 9, 9, 9, 9, 9, 9, 9, 9, 9, 9, 9, 9, 9, 9, 9, 9, 9, 9, 9, 9, 9, 9, 9, 9, 9, 9, 9, 9, 9, 9, 9] ---
--- chon='Ngẫu nhiên tất cả phần thưởng' ops=[9, 9, 9, 16, 247, 9, 9, 9, 9, 9, 9, 9, 9, 9, 9, 9, 9, 9, 9, 9, 133, 9, 251, 9, 9, 9, 9, 9, 9, 9, 9, 9, 9, 9, 9, 9, 9, 9] ---
  16: 3500000010000888ba021083b51818964e2091831928904e38f8bbd6d10642063130363237344a1344c6b0c6a16e67204b69e1babf6d204c6f6e67
  247: 5f000000f7000a594e68e1baad6e20c491c6b0e1bba363203c636f6c6f723d236666666630303e5472c6b0e1bb9d6e67204de1bb876e6820686fc3a06e202854e1bb916e67204b696d293c2f636f6c6f723e2074e1bbab2044c3a32054e1baa97510011801
  133: 9a0000008500080512063130323331381a0bc490e1bb9220564950505022583c54e1bb916e67204b696d205472c6b0e1bb9d6e67204de1bb876e6820686fc3a06e3e2062c3a16e206b6e62206769c3a12038372062c3a16e206b6e62206769c3a1203837403239403238403236403332403332403440332a27317c3c54e1bb916e67204b696d205472c6b0e1bb9d6e67204de1bb876e6820686fc3a06e3e7c30
  251: 00000000fb00
--- chon='Ngẫu nhiên tất cả phần thưởng' ops=[9, 9, 9, 9, 9, 9, 9, 9, 9, 9, 9, 9, 9, 9, 9, 9, 9, 9, 9, 9, 9, 133, 9, 9, 9, 9, 9, 9, 9, 9, 9, 9, 9, 9, 9, 9, 9] ---
  133: 680000008500080512063130323439341a0b5472e1bba5207468e1bb95223d4d756120c49169e1bb836d2074e1bb916e67206b696d202c206d7561206b696e68206e676869e1bb876d20c491c6a16e203c48e1bb936e67204c793e202a1032327c3c48e1bb936e67204c793e7c300f0000000900307c31303139357c33317c31313433
--- chon='Ngẫu nhiên tất cả phần thưởng' ops=[9, 9, 9, 9, 16, 247, 9, 9, 9, 9, 9, 9, 9, 9, 9, 9, 9, 9, 9, 9, 251, 9, 9, 9, 9, 9, 9, 9, 9, 9, 9, 9, 9] ---
  16: 35000000100008f8dc0610a3d11918964e20b19f1a28904e38fbbfd6d10642063130363237344a1344c6b0c6a16e67204b69e1babf6d204c6f6e67
  247: 5b000000f7000a554e68e1baad6e20c491c6b0e1bba363203c636f6c6f723d236666666630303ec490e1baa169204ce1bbb16320686fc3a06e202854e1bb916e67204b696d293c2f636f6c6f723e2074e1bbab2044c3a32054e1baa975100118011b0000000900307c31303639397c32327c307c33317c323931387c33327c323138140000000900317c3130333633307c35353537387c343932373200000000fb00
  251: 00000000fb00140000000900317c3130333633307c35353335347c3439323732
--- chon='Thiết La Hán' ops=[9, 9, 9, 9, 9, 247, 9, 9, 9, 9, 9, 9, 9, 9, 9, 9, 9, 9, 9, 9, 9, 9, 9, 9, 9, 9, 9, 9, 9, 9, 9, 9, 9] ---
  247: 4b000000f7000a454e68e1baad6e20c491c6b0e1bba363203c636f6c6f723d236666666630303e546869e1babf74204c612048c3a16e3c2f636f6c6f723e2074e1bbab2044c3a32054e1baa97510011801130000000900317c31303231367c35353339327c3439343438140000000900317c3130363738327c35353735337c3439323934
--- chon='Ngẫu nhiên tất cả kỳ trân dị bảo' ops=[9, 9, 9, 9, 9, 9, 9, 9, 9, 9, 9, 9, 9, 9, 9, 9, 9, 9, 9, 251, 9, 9, 9, 9, 9, 9, 9, 9, 9, 9, 9, 9, 9, 9, 9, 9, 9, 9] ---
  251: 00000000fb00160000000900327c3130333331387c35353035327c34393331327c36140000000900317c3130363939327c35343937357c3439343937
--- chon='Ngân lượng' ops=[9, 9, 9, 9, 9, 133, 181, 9, 9, 9, 9, 9, 9, 9, 9, 9, 251, 9, 9, 9, 9, 9, 9, 9, 9, 9, 9, 9, 9, 9, 9, 9, 9, 9, 9, 9, 9, 9] ---
  133: 8700000085000805120531303832361a0f444c582054c3a27958c3a04cc3b46e226bc490e1baa169204cc3bd205875204ee1baa17020436869e1babf6e204b68e1baa57520352520314d206e68e1baad6e2031303530206b696d202d20205472756e67204769616e205472616f20c490e1bb9569203234202f37205a616c6f20303930393039202e2037373330130000000900317c31303936337c35353337367c3439323732
  251: 00000000fb00
--- chon='Ngẫu nhiên tất cả phần thưởng' ops=[9, 9, 9, 9, 9, 9, 9, 9, 9, 9, 9, 9, 9, 9, 9, 9, 9, 9, 9, 9, 9, 9, 9, 9, 9, 9, 9, 9, 9, 9, 9, 9, 9, 9, 9, 9, 9, 9] ---
--- chon='Ngân lượng' ops=[9, 9, 9, 9, 9, 9, 9, 9, 9, 9, 9, 9, 9, 9, 9, 9, 9, 9, 9, 9, 9, 9, 9, 9, 9, 9, 9, 9, 9, 9, 9, 9, 9, 9, 9, 9] ---
--- chon='Ngân lượng' ops=[133, 9, 9, 9, 9, 9, 9, 9, 9, 9, 9, 9, 9, 9, 9, 9, 9, 9, 9, 9, 133, 9, 133, 251, 9, 9, 9, 9, 9, 9, 9, 9, 9, 9, 9, 9, 9, 9] ---
  133: 910000008500080512063130343837361a0c4d75e1bb9169205469c3aa75225d53e1baa1702072e1babb20c491c3a2792c4d5541205148542035204b4e42202c205453424c2033204b4e42202c202041492043c3932047c38c20504d4d204e484540374037403740373c4b696d204e677579c3aa6e2042e1baa36f3e202a1832347c3c4b696d204e677579c3aa6e2042e1baa36f3e7c30220000000900307c3130343333317c31377c333633317c31387c3936357c32367c397c34367c3135
  133: 770000008500080512063130313937371a09546573742047616d65226053686f702066756c6c2064742063e1baa5702038202e20426b2042c3aa6e205068e1baa3692047c3b3632034682044c3a32054e1baa975206165206768c3a920e1bba76e672068e1bb992076e1bb9b6940334033403340334033403340334033140000000900317c3130323039387c35353938347c3439323732140000000900317c3130313033397c35343839367c3439353932
  133: 500000008500080512063130313734331a1142c3b36e672042e1bba56e672042e1bbb1221a3c546869e1babf74204c612048c3a16e3e2020783220386b6e622a15347c3c546869e1babf74204c612048c3a16e3e7c30140000000900317c3130323039387c35353935327c3439323732
  251: 00000000fb00130000000900317c31303139357c35353833327c3439333034140000000900317c3130313033397c35343932307c3439353638
--- chon='Ngẫu nhiên tất cả phần thưởng' ops=[9, 9, 9, 9, 247, 9, 9, 9, 9, 9, 9, 9, 9, 9, 9, 9, 9, 9, 133, 9, 9, 9, 9, 9, 9, 9, 9, 9, 9, 9, 9, 9, 251, 9, 9, 9] ---
  247: 59000000f7000a534e68e1baad6e20c491c6b0e1bba363203c636f6c6f723d236666666630303e3535382e3939323c2f636f6c6f723e20c49069e1bb836d206b696e68206e676869e1bb876d2074e1bbab2044c3a32054e1baa97510011801140000000900317c3130333633307c35353533367c3439323732130000000900317c31303231367c35363037367c343932373108000000090033367c3130353536
  133: 9e0000008500080512063130313238371a0ec490c6b0e1bb9d6e67204dc3b46e2281013c656e7465723e3c656e7465723e3c636f6c6f723d677265656e3e4d5541204c414d2042e1baa24f2052c6afc6a04e47204749c3812032303c656e7465723e4d5541204ce1bb842042414f2054e1bb904e47204b494d204749c38120353c656e7465723e41492042c3814e20504d3c656e7465723e403334403331403331403331130000000900317c31303139357c35363239367c3439323732140000000900317c3130333633307c35353337387c3439323732140000000900317c3130363939327c35363132327c3439323732130000000900317c31303231367c35353734307c3439323731
  251: 00000000fb00130000000900317c31303139357c35363033367c3439323732140000000900317c3130363939327c35353838347c3439323732
--- chon='Ngẫu nhiên tất cả phần thưởng' ops=[9, 9, 9, 9, 9, 9, 9, 9, 9, 9, 9, 9, 9, 9, 9, 9, 9, 9, 9, 9, 9, 9, 9, 9, 9, 9, 9, 9, 9, 251, 9, 9, 9, 9, 9, 9, 9, 9, 9, 9, 9] ---
  251: 00000000fb000f0000000900307c31303139357c33317c31313733140000000900317c3130323130347c35353239397c3439343731140000000900317c3130313033397c35353939387c3439323732
--- chon='Ngẫu nhiên tất cả kỳ trân dị bảo' ops=[16, 247, 251, 133, 133, 251] ---
  16: 33000000100008d84f10f3d71c18964e2081a61d28904e38a7c4d6d10642063130363237364a1248c3a06e20547579e1babf7420e1baa26e68
  247: 5b000000f7000a554e68e1baad6e20c491c6b0e1bba363203c636f6c6f723d236666666630303e48e1bb8f61205068c3b26e6720686fc3a06e202854e1bb916e67204b696d293c2f636f6c6f723e2074e1bbab2044c3a32054e1baa97510011801
  251: 00000000fb00
  133: 3c0000008500080512063130363531341a0953e1bbaf61204d6f6d220f3cc394204b696d204b69e1babf6d3e2a1433377c3cc394204b696d204b69e1babf6d3e7c31
  133: 820000008500080512063130323439301a0c5472e1bba5205468e1bba779224a4d756120c49169e1bb836d2074e1bb916e67206b696d202c206d7561206b696e68206e676869e1bb876d20c491c6a16e203c54e1bb916e67204b696d204ce1bb876e682062c3a0693e202a1c347c3c54e1bb916e67204b696d204ce1bb876e682062c3a0693e7c30
  251: 00000000fb00
--- chon='Ngẫu nhiên tất cả phần thưởng' ops=[9, 9, 9, 9, 9, 9, 9, 9, 9, 9, 9, 9, 9, 9, 9, 9, 9, 9, 9, 9, 9, 9, 9, 9, 9, 9, 9, 9, 9, 9, 9, 9, 9, 9, 9, 9, 9, 9, 9, 9] ---
--- chon='Ngẫu nhiên tất cả phần thưởng' ops=[251, 9, 9, 181, 181, 9, 9, 9, 9, 9, 9, 9, 9, 9, 9, 9, 9, 251, 9, 9, 9, 9, 9, 9, 9, 9, 9, 9, 9, 9, 9, 9, 9, 9] ---
  251: 00000000fb00140000000900317c3130333633307c35363134347c3439333034
  251: 00000000fb00
--- chon='Ngẫu nhiên tất cả kỳ trân dị bảo' ops=[9, 9, 16, 247, 251, 9, 9, 9, 133, 9, 9, 251, 9, 9, 9, 9, 9] ---
  16: 3400000010000898880310d3bb1b18964e20e1891c28904e38f6cbd6d10642063130363237364a1248c3a06e20547579e1babf7420e1baa26e68
  247: 5b000000f7000a554e68e1baad6e20c491c6b0e1bba363203c636f6c6f723d236666666630303e42c4836e67205068c3b26e6720686fc3a06e202854e1bb916e67204b696d293c2f636f6c6f723e2074e1bbab2044c3a32054e1baa97510011801
  251: 00000000fb00
  133: 5300000085000805120531303133311a1231204368c3a0792054c3a9204e67e1bbb161223453484f5020354820564950204749c3812032302d33304b2054e1baa0492044c6afc6a04e47204348c3825520c490c3944e47202e
  251: 00000000fb00
--- chon='Ngẫu nhiên tất cả kỳ trân dị bảo' ops=[9, 9, 9, 9, 9, 9, 9, 9, 9, 9, 9, 9, 9, 9, 9, 9, 9, 9, 9, 9, 9, 9, 9, 9, 9, 9, 9, 9, 9, 251, 9, 9, 9, 9, 9, 9, 9, 133, 9] ---
  251: 00000000fb00130000000900317c31303332367c35353032337c3439343737130000000900317c31303231367c35353836347c3439333034160000000900327c3130313033397c35353234387c34393237327c33140000000900317c3130333633307c35353435347c3439323636130000000900317c31303339317c35363035347c3439303138
  133: 4f00000085000805120531303335361a0b47c3a020c39a203637383922376d756120646169207468616e6820626b203133306b696d2061692062616e20706d6d6d6d6d6d6d6d6d6d6d6d6d6d6d6d6d6d6d6d6d6d6d100000000900307c3130333633307c33317c31323730100000000900307c3130313337347c33317c333433340b000000090031347c31303332367c3536
--- chon='Điểm kinh nghiệm' ops=[9, 9, 9, 9, 9, 9, 9, 9, 9, 9, 9, 9, 9, 9, 9, 9, 9, 9, 9, 9, 9, 9, 9, 9, 9, 9, 9, 9, 9, 251, 9, 9, 9, 9, 9, 9, 9, 9, 9] ---
  251: 00000000fb00
--- chon='Điểm kinh nghiệm' ops=[9, 9, 9, 9, 9, 251, 9, 9, 9, 9, 9, 9, 9, 9, 9, 9, 9, 9, 9, 9, 9, 9, 9, 9, 9, 9, 9, 9, 9, 9, 9, 9, 9, 9, 9, 9, 9] ---
  251: 00000000fb00130000000900317c31303139357c35353431397c34393236356a000000090033357c3130313732307c5468e1baa96dc490e1bb8b6e684e616d7c307c377c7c337c377c38307c323235317c313338307c307c31357c397c31357c387c35363331367c34393237337c323235317c313338307c307c327c307c337c31387c307c377c38387c36337c307c0c000000090031357c3130313732307c3330140000000900317c3130343938307c35343834397c3439363239
--- chon='Ngân lượng' ops=[9, 9, 9, 9, 9, 9, 9, 9, 9, 9, 9, 9, 9, 9, 9, 9, 9, 9, 9, 9, 9, 9, 9, 9, 9, 9, 9, 9, 9, 9, 9, 9, 9, 9, 9, 9, 9, 9] ---
--- chon='Ngẫu nhiên tất cả phần thưởng' ops=[9, 9, 9, 9, 9, 9, 9, 9, 9, 9, 9, 9, 9, 9, 9, 9, 9, 9, 9, 9, 9, 9, 9, 9, 9, 9, 9, 9, 9, 9, 9, 9, 9, 9, 9, 9, 9, 9, 9] ---
--- chon='Ngân lượng' ops=[9, 9, 9, 9, 9, 9, 9, 9, 9, 9, 9, 9, 9, 9, 9, 9, 9, 9, 9, 9, 9, 9, 9, 9, 251, 9, 9, 9, 9, 9, 9, 9, 9, 9, 9, 9, 9, 9, 9, 9] ---
  251: 00000000fb00140000000900317c3130313337317c35343930367c3439353532170000000900307c3130313337317c33317c323736377c33337c393930140000000900317c3130313935327c35353631307c3439323732130000000900317c31303232397c35353735367c3439323339130000000900317c31303139357c35363231367c3439323732
--- chon='Ngẫu nhiên tất cả phần thưởng' ops=[247, 9, 251, 251] ---
  247: 59000000f7000a534e68e1baad6e20c491c6b0e1bba363203c636f6c6f723d236666666630303e3138332e3836363c2f636f6c6f723e20c49069e1bb836d206b696e68206e676869e1bb876d2074e1bbab2044c3a32054e1baa97510011801
  251: 00000000fb00
  251: 00000000fb00
--- chon='Ngân lượng' ops=[9, 9, 9, 9, 9, 9, 251, 9, 9, 9, 9, 9, 9, 9, 9, 9, 9, 9, 9, 9, 9, 9, 9, 9, 9, 9, 9, 9, 9, 9, 9, 9, 9, 9, 9, 9, 9, 9, 9, 9] ---
  251: 00000000fb00140000000900317c3130313935327c35353537387c3439323732140000000900317c3130343937337c35353137397c34393435361d0000000900307c31303639397c33317c333131387c33327c3333387c33337c393133140000000900317c3130343938307c35343934357c3439353334140000000900317c3130343536367c35353136397c3439333131
--- chon='Ngẫu nhiên tất cả phần thưởng' ops=[247, 9, 9, 9, 9, 88, 251, 88, 9, 9, 9, 9, 88, 251] ---
  247: 5b000000f7000a554e68e1baad6e20c491c6b0e1bba363203c636f6c6f723d236666666630303e312e3432302e3630303c2f636f6c6f723e20c49069e1bb836d206b696e68206e676869e1bb876d2074e1bbab2044c3a32054e1baa97510011801
  251: 00000000fb00
  251: 00000000fb00
--- chon='Ngẫu nhiên tất cả phần thưởng' ops=[9, 251, 9, 9, 9, 9, 9, 9, 9, 9, 9, 9, 9, 9, 9, 9, 9, 9, 9, 9, 9, 9, 9, 9, 9, 9, 9, 9, 9, 9, 9, 9, 9, 9, 9, 9, 9, 9, 9] ---
  251: 00000000fb00
--- chon='Ngẫu nhiên tất cả phần thưởng' ops=[181, 247, 9, 251, 9, 9, 9, 9, 9, 251, 9, 9] ---
  247: 59000000f7000a534e68e1baad6e20c491c6b0e1bba363203c636f6c6f723d236666666630303e3239312e3632383c2f636f6c6f723e20c49069e1bb836d206b696e68206e676869e1bb876d2074e1bbab2044c3a32054e1baa97510011801
  251: 00000000fb00
  251: 00000000fb00
--- chon='Ngẫu nhiên tất cả phần thưởng' ops=[9, 9, 9, 16, 247, 9, 9, 9, 9, 251, 9, 9, 9, 9, 9, 9, 9, 9, 9, 9, 9, 9, 9, 9, 9, 9, 9, 9, 9, 9, 9, 9, 9, 9, 9, 9] ---
  16: 3400000010000888ab0710934e18964e20a19c0128904e38d0d7d7d10642063130363531354a135469e1babf74204e677579e1bb87742056c5a9
  247: 4b000000f7000a454e68e1baad6e20c491c6b0e1bba363203c636f6c6f723d236666666630303e546869e1babf74204c612048c3a16e3c2f636f6c6f723e2074e1bbab2044c3a32054e1baa97510011801130000000900317c31303235367c35353739327c3439333034130000000900317c31303236307c35343839367c3439363038170000000900307c3130373330367c33317c313239367c33327c393330130000000900317c31303235367c35353831307c343933303408000000090033367c3130323536
  251: 00000000fb00
--- chon='Ngân lượng' ops=[9, 9, 9, 9, 9, 9, 9, 9, 9, 9, 9, 251, 9, 9, 9, 9, 9, 9, 9, 9, 9, 133, 9, 9, 9, 9, 9, 9, 9, 9, 9, 9, 9, 9, 9, 9] ---
  251: 00000000fb00
  133: 780000008500080512063130333239341a0c76e1baa16e206e68e1baa57422403c546869c3aa6e2053c6a16e2042e1baa36f204ce1bb993e20206169206d756120706d6d6d6d6d6d6d6d6d6d6d6d6d6d6d6d6d6d6d6d6d6d6d6d6d6d6d6d6d6d2a1c367c3c546869c3aa6e2053c6a16e2042e1baa36f204ce1bb993e7c30
--- chon='Điểm kinh nghiệm' ops=[247, 133, 9, 133, 9, 9, 251, 133, 9, 133, 9, 251, 9, 40] ---
  247: 5b000000f7000a554e68e1baad6e20c491c6b0e1bba363203c636f6c6f723d236666666630303e312e3432382e3030303c2f636f6c6f723e20c49069e1bb836d206b696e68206e676869e1bb876d2074e1bbab2044c3a32054e1baa97510011801
  133: c00000008500080512063130313535381a104147204b69e1babf6d205469e1bb816e227c3c44c3a32054e1baa97520486fc3a06e205468c3a06e68204ce1bb876e683e20c490e1bb9220504b20564950203548205048c6afe1bba24e472054c6afe1bb9c4e47205449e1bb804e205452414e47205155e1bab84f204ce1bbb04140374037403740374037403740374037403740374037403740374037403740372a2434367c3c44c3a32054e1baa97520486fc3a06e205468c3a06e68204ce1bb876e683e7c30
  133: 5c00000085000805120531303333351a0f47c3a02052e1bbab6e67203637383922406d75612051485420342e356b696d205453424c2067696120322e356b696d2061692062616e20706d6d6d6d6d6d6d6d6d6d6d6d6d6d6d6d6d6d6d6d6d6d6d6d6d
  251: 00000000fb00
  133: 8700000085000805120531303832361a0f444c582054c3a27958c3a04cc3b46e226bc490e1baa169204cc3bd205875204ee1baa17020436869e1babf6e204b68e1baa57520352520314d206e68e1baad6e2031303530206b696d202d20205472756e67204769616e205472616f20c490e1bb9569203234202f37205a616c6f20303930393039202e2037373330
  133: 4d0000008500080512063130353935351a0856c5a950686f6e67221f3c546869e1babf74204c612048c3a16e3e2078332054544c2078332031356b2a1635367c3c546869e1babf74204c612048c3a16e3e7c30
  251: 00000000fb00
--- chon='Thiết La Hán' ops=[251, 181, 247, 9, 9, 40, 9, 9, 9, 9, 9, 9, 9, 251, 9, 9, 9, 9, 9, 133, 9, 40, 9] ---
  251: 00000000fb00
  247: 9c000000f7000a9501486fc3a06e207468c3a06e68206c69c3aa6e207469e1babf70203c636f6c6f723d233030666630303e31303c2f636f6c6f723e206e6869e1bb876d2076e1bba5206b68c3b46e672068e1bba7792c206e68e1baad6e20c491c6b0e1bba363203c636f6c6f723d236666666630303e352e3030302e3030303c2f636f6c6f723e20c49169e1bb836d206b696e68206e676869e1bb876d100118013500000010000888ab0710934e18964e20a19c0128a09c0138d0d7d7d10642063130363531354a135469e1babf74204e677579e1bb87742056c5a94b000000f7000a454e68e1baad6e20c491c6b0e1bba363203c636f6c6f723d236666666630303e546869e1babf74204c612048c3a16e3c2f636f6c6f723e2074e1bbab2044c3a32054e1baa97510011801
  251: 00000000fb00
  133: 4a0000008500080512063130343638301a0742616e6774686f22352042c3a16e203220716868207468e1baa57020366b206169206d75612069626220206e68616e684034403440344034403440344034
--- chon='Điểm kinh nghiệm' ops=[9, 247, 9, 133, 251, 9, 133, 9, 251] ---
  247: 5b000000f7000a554e68e1baad6e20c491c6b0e1bba363203c636f6c6f723d236666666630303e312e3835332e3739343c2f636f6c6f723e20c49069e1bb836d206b696e68206e676869e1bb876d2074e1bbab2044c3a32054e1baa97510011801
  133: 4a0000008500080512063130343638301a0742616e6774686f22352042c3a16e203220716868207468e1baa57020366b206169206d75612069626220206e68616e684034403440344034403440344034
  251: 00000000fb00
  133: 8700000085000805120531303832361a0f444c582054c3a27958c3a04cc3b46e226bc490e1baa169204cc3bd205875204ee1baa17020436869e1babf6e204b68e1baa57520352520314d206e68e1baad6e2031303530206b696d202d20205472756e67204769616e205472616f20c490e1bb9569203234202f37205a616c6f20303930393039202e2037373330
  251: 00000000fb00
--- chon='Ngân lượng' ops=[9, 9, 40, 9, 247, 9, 9, 9, 9, 9, 251, 9, 40, 9, 9, 40, 9, 9, 9, 9, 40, 9] ---
  247: 49000000f7000a434e68e1baad6e20c491c6b0e1bba363203c636f6c6f723d236666666630303e35363030206cc6b0e1bba36e673c2f636f6c6f723e2074e1bbab2044c3a32054e1baa97510011801
  251: 00000000fb00
--- chon='Điểm kinh nghiệm' ops=[9, 9, 40, 9, 181, 88, 9, 9, 251, 9, 9, 9, 133, 9, 40, 9, 9, 40, 40, 9, 9, 9, 251, 9, 9] ---
  251: 00000000fb00
  133: 5e0000008500080512063130323437381a0a537570657220424f535322463c4e676869e1bb8774204c6f6e67206368c3b9793e20202048534c2035202042414f20c490e1baa44d205054205449e1bb804e205452414e4720403234403234403234403234
  251: 00000000fb00
--- chon='Ngẫu nhiên tất cả phần thưởng' ops=[9, 9, 9, 9, 9, 9, 9, 9, 9, 9, 9, 9, 251, 9, 9, 9, 9, 9, 9, 9, 9, 9, 9, 9, 9, 9, 9, 9, 9, 9, 9, 251, 9, 9, 9, 9, 9, 9] ---
  251: 00000000fb00
  251: 00000000fb00
--- chon='Ngẫu nhiên tất cả phần thưởng' ops=[9, 9, 9, 9, 9, 9, 9, 9, 9, 9, 9, 9, 9, 9, 9, 9, 9, 9, 9, 9, 9, 9, 9, 9, 9, 9, 251, 9, 9, 9, 9, 9, 9, 9, 9, 9, 9] ---
  251: 00000000fb00130000000900317c31303134327c35353432337c3439323631140000000900317c3130343335377c35343836377c3439383033140000000900317c3130333633307c35353734327c3439333031
