--- chon='Điểm kinh nghiệm' ops=[9, 9, 9, 9, 9, 9, 9, 9, 9, 9, 9, 9, 9, 9, 9, 9, 9, 251, 9, 9, 9, 9, 9, 9, 9, 9, 9, 9, 9, 9, 9, 9, 9, 9, 9, 9, 9, 9, 9, 9, 9, 9] ---
  251: 00000000fb00
--- chon='Điểm kinh nghiệm' ops=[9, 9, 9, 9, 9, 9, 9, 9, 9, 9, 9, 9, 251, 9, 9, 9, 9, 9, 9, 9, 9, 9, 9, 9, 9, 9, 9, 9, 9, 9, 9, 251, 9, 9, 9, 9, 9, 9, 9, 9, 9, 9] ---
  251: 00000000fb000e0000000900307c7c31317c3134353931353939160000000900327c3130323130397c35363137367c34383132307c36
  251: 00000000fb00
--- chon='Ngẫu nhiên tất cả phần thưởng' ops=[9, 9, 9, 9, 9, 9, 9, 9, 9, 9, 9, 9, 9, 9, 9, 9, 9, 9, 9, 9, 9, 9, 9, 9, 9, 9, 251, 9, 9, 9, 9, 9, 9, 9, 9, 9] ---
  251: 00000000fb00
--- chon='Điểm kinh nghiệm' ops=[9, 9, 9, 251, 9, 247, 9, 9, 9, 9, 9, 9, 9, 9, 9, 9, 9, 9, 9, 9, 9, 9, 9, 9, 9, 9, 9, 9, 9, 9, 251, 9, 9, 9, 9, 9, 9, 9, 9, 9, 9, 9, 9, 9, 9, 9, 9, 9, 9, 9, 9, 9, 9, 9, 9] ---
  251: 00000000fb00
  247: 5b000000f7000a554e68e1baad6e20c491c6b0e1bba363203c636f6c6f723d236666666630303e322e3438312e3934303c2f636f6c6f723e20c49069e1bb836d206b696e68206e676869e1bb876d2074e1bbab2044c3a32054e1baa97510011801
  251: 00000000fb00
--- chon='Ngẫu nhiên tất cả phần thưởng' ops=[9, 9, 9, 9, 9, 247, 9, 9, 9, 251, 9, 9, 9, 9, 9, 9, 9, 9, 9, 9, 9, 9, 9, 9, 9, 9, 9, 9, 9, 9, 9, 9, 251, 9, 9, 9, 9, 9, 9, 9, 9, 9, 9, 9, 9, 9, 9, 9, 9, 9, 9, 9, 9, 9, 9, 9, 9] ---
  247: 5b000000f7000a554e68e1baad6e20c491c6b0e1bba363203c636f6c6f723d236666666630303e342e3231352e3630353c2f636f6c6f723e20c49069e1bb836d206b696e68206e676869e1bb876d2074e1bbab2044c3a32054e1baa97510011801140000000900317c3130333738337c35363137367c3438333933
  251: 00000000fb000e0000000900307c7c31317c3231323839313434140000000900317c3130333738337c35363137367c3438333739140000000900317c3130323636367c35353135327c3438363332
  251: 00000000fb00
--- chon='Gia Bào hoàn (Tống Kim)' ops=[9, 9, 9, 9, 16, 9, 9, 9, 9, 9, 9, 9, 9, 9, 9, 9, 9, 9, 9, 9, 9, 9, 9, 9, 9, 9, 9, 9, 9, 9, 9, 9, 9, 9] ---
  16: 3100000010000898db111093831918964e20a1d11928a09c0138fed9a5d10642063130333131324a0e4ec3b420c3aae1bb8720536f203957000000f7000a514e68e1baad6e20c491c6b0e1bba363203c636f6c6f723d236666666630303e4769612042c3a06f20686fc3a06e202854e1bb916e67204b696d293c2f636f6c6f723e2074e1bbab2044c3a32054e1baa9751001180100000000fb00140000000900317c3130313033337c35343939327c3438363136140000000900317c3130343932317c35363137367c3438333035
--- chon='Điểm kinh nghiệm' ops=[9, 9, 9, 9, 181, 247, 9, 9, 9, 9, 9, 9, 9, 9, 9, 9, 9, 9, 251, 9, 9, 9, 9, 9, 9, 9, 9, 9, 9, 9, 9, 9, 9, 9, 9, 9, 9, 9, 9, 9, 9, 9, 9, 251, 9, 9, 9, 9, 9, 9, 9] ---
  247: 5b000000f7000a554e68e1baad6e20c491c6b0e1bba363203c636f6c6f723d236666666630303e342e3733342e3533353c2f636f6c6f723e20c49069e1bb836d206b696e68206e676869e1bb876d2074e1bbab2044c3a32054e1baa97510011801
  251: 00000000fb00
  251: 00000000fb00140000000900317c3130323636367c35353430387c3438353036140000000900317c3130323130397c35353536387c3438343332
--- chon='Ngẫu nhiên tất cả phần thưởng' ops=[251, 9, 9, 9, 9, 9, 247, 9, 9, 9, 9, 9, 9, 9, 9, 9, 9, 9, 9, 9, 9, 9, 251, 9, 9, 9, 9, 9, 9, 9, 9, 9, 9, 9, 9, 9, 9, 9, 9, 9, 9, 9, 9, 9, 9, 9, 9, 9, 9] ---
  251: 00000000fb00
  247: 51000000f7000a4b4e68e1baad6e20c491c6b0e1bba363203c636f6c6f723d236666666630303e322076e1baa16e2031373030206cc6b0e1bba36e673c2f636f6c6f723e2074e1bbab2044c3a32054e1baa97510011801
  251: 00000000fb00140000000900317c3130323434397c35353231377c3438353938140000000900317c3130323130397c35353337397c3438353137
--- chon='Ngẫu nhiên tất cả phần thưởng' ops=[9, 9, 9, 9, 9, 247, 9, 9, 9, 9, 9, 9, 9, 9, 9, 9, 9, 9, 9, 9, 9, 9, 9, 9, 9, 251, 9, 9, 9, 9, 9, 9, 9, 9, 9, 9, 9, 9, 9, 9, 9, 9, 9, 9, 9, 9, 9] ---
  247: 5b000000f7000a554e68e1baad6e20c491c6b0e1bba363203c636f6c6f723d236666666630303e342e3734342e3234303c2f636f6c6f723e20c49069e1bb836d206b696e68206e676869e1bb876d2074e1bbab2044c3a32054e1baa97510011801
  251: 00000000fb00
--- chon='Ngân lượng' ops=[9, 9, 9, 9, 9, 247, 247, 9, 9, 9, 9, 9, 9, 9, 9, 251, 9, 9, 9, 9, 9, 9, 9, 9, 9, 9, 9, 9, 9, 9, 9, 9, 133, 9, 9, 9, 9, 9, 9, 9, 9, 9, 9, 9] ---
  247: 9c000000f7000a9501486fc3a06e207468c3a06e68206c69c3aa6e207469e1babf70203c636f6c6f723d233030666630303e31303c2f636f6c6f723e206e6869e1bb876d2076e1bba5206b68c3b46e672068e1bba7792c206e68e1baad6e20c491c6b0e1bba363203c636f6c6f723d236666666630303e352e3030302e3030303c2f636f6c6f723e20c49169e1bb836d206b696e68206e676869e1bb876d10011801
  247: 51000000f7000a4b4e68e1baad6e20c491c6b0e1bba363203c636f6c6f723d236666666630303e312076e1baa16e2038343830206cc6b0e1bba36e673c2f636f6c6f723e2074e1bbab2044c3a32054e1baa97510011801
  251: 00000000fb00
  133: 600000008500080512063130343431371a154347205468e1baa7792042c3b961203920c490656e22233c4ce1bba563205468e1bba7792054696e683e2061692063e1baa76e20706d6d6d6d6d2a1834387c3c4ce1bba563205468e1bba7792054696e683e7c30
--- chon='Ngẫu nhiên tất cả phần thưởng' ops=[9, 9, 9, 9, 9, 9, 247, 9, 9, 9, 9, 9, 251, 9, 9, 9, 9, 9, 9, 9, 9, 9, 9, 9, 9, 9, 9, 9, 9, 9, 9, 9, 9, 9, 9, 9, 251, 9, 9, 9, 9, 9, 9, 9, 9, 9, 9, 9, 9] ---
  247: 5b000000f7000a554e68e1baad6e20c491c6b0e1bba363203c636f6c6f723d236666666630303e352e3932332e3438383c2f636f6c6f723e20c49069e1bb836d206b696e68206e676869e1bb876d2074e1bbab2044c3a32054e1baa97510011801
  251: 00000000fb00
  251: 00000000fb00140000000900317c3130343038367c35363138347c3438323136
--- chon='Ngẫu nhiên tất cả kỳ trân dị bảo' ops=[9, 9, 9, 9, 9, 9, 9, 9, 16, 247, 9, 9, 9, 251, 9, 9, 9, 9, 9, 9, 9, 9, 9, 9, 9, 9, 9, 9, 9, 9, 9, 9, 251, 9, 9, 9, 9, 9, 9, 9, 9, 9, 9] ---
  16: 30000000100008b8f71210c3ed1a18964e20d1bb1b28904e388ce7add10642063130333131324a0e4ec3b420c3aae1bb8720536f2039
  247: 58000000f7000a524e68e1baad6e20c491c6b0e1bba363203c636f6c6f723d236666666630303e5068692054e1bb916320686fc3a06e202854e1bb916e67204b696d293c2f636f6c6f723e2074e1bbab2044c3a32054e1baa97510011801140000000900317c3130343038367c35363137367c3438313638140000000900317c3130333738337c35363137367c3438333233
  251: 00000000fb00140000000900317c3130333738337c35363137367c3438323936
  251: 00000000fb00140000000900317c3130323636367c35353030397c3438363234140000000900317c3130343038367c35363231387c3438323636
--- chon='Ngẫu nhiên tất cả phần thưởng' ops=[9, 9, 9, 9, 9, 9, 9, 9, 9, 9, 16, 247, 9, 9, 251, 9, 9, 9, 9, 9, 9, 9, 9, 9, 9, 9, 9, 9, 9, 9, 9, 9, 9, 9, 9, 9, 9, 9, 9, 9, 9, 9, 9, 9, 9, 9, 9, 9, 9, 9, 9] ---
  16: 30000000100008c8c51310e3891c18964e20f1d71c28904e389be7add10642063130333131324a0e4ec3b420c3aae1bb8720536f2039
  247: 5a000000f7000a544e68e1baad6e20c491c6b0e1bba363203c636f6c6f723d236666666630303e4cc3b469205068c3b26e6720686fc3a06e202854e1bb916e67204b696d293c2f636f6c6f723e2074e1bbab2044c3a32054e1baa97510011801140000000900317c3130323636367c35363030347c3438323034140000000900317c3130343038367c35363139307c3438323138140000000900317c3130323130397c35353437327c3438343838
  251: 00000000fb00
--- chon='Ngân lượng' ops=[9, 9, 9, 9, 9, 9, 9, 9, 9, 9, 9, 9, 9, 9, 251, 9, 9, 9, 9, 9, 9, 9, 9, 9, 9, 9, 9, 9, 9, 9, 9, 9, 9, 9, 9, 251, 69, 9, 9, 9] ---
  251: 00000000fb00
  251: 00000000fb00
--- chon='Ngẫu nhiên tất cả phần thưởng' ops=[9, 9, 9, 9, 9, 9, 9, 9, 9, 9, 9, 9, 9, 9, 9, 9, 9, 9, 9, 9, 9, 9, 9, 9, 9, 9, 9, 9, 9, 9, 9, 9, 9, 9, 9, 9, 9, 9, 9, 9, 9, 9, 9, 251] ---
  251: 00000000fb00140000000900317c3130323130397c35353636347c3438333736
--- chon='Ngân lượng' ops=[9, 9, 9, 9, 9, 9, 247, 9, 9, 9, 9, 9, 9, 9, 9, 9, 9, 9, 9, 9, 9, 9, 9, 9, 9, 9, 9, 9, 9, 9, 9, 9, 9, 9, 9, 9, 9, 9, 9, 9, 251, 9, 9, 9] ---
  247: 49000000f7000a434e68e1baad6e20c491c6b0e1bba363203c636f6c6f723d236666666630303e33333630206cc6b0e1bba36e673c2f636f6c6f723e2074e1bbab2044c3a32054e1baa97510011801
  251: 00000000fb00
--- chon='Ngẫu nhiên tất cả kỳ trân dị bảo' ops=[9, 9, 9, 9, 9, 9, 9, 9, 9, 9, 9, 9, 9, 9, 9, 9, 9, 9, 9, 9, 9, 9, 9, 9, 9, 9, 9, 9, 9, 9, 9, 9, 9, 9, 9, 9, 9, 251, 9, 9, 9, 9, 9, 9, 9, 9, 9, 9, 9, 9, 9, 9, 9, 9] ---
  251: 00000000fb00140000000900317c3130323130397c35353432347c3438343934140000000900317c3130323636367c35353437327c3438343838140000000900317c3130333337367c35363137367c3438313532
--- chon='Ngẫu nhiên tất cả phần thưởng' ops=[9, 9, 247, 9, 9, 9, 9, 9, 9, 9, 9, 9, 9, 9, 9, 9, 9, 9, 9, 9, 9, 9, 9, 9, 9, 9, 9, 9, 9, 9, 9, 9, 9, 9, 9, 9, 9, 9, 9, 9, 9, 9, 9, 9, 9] ---
  247: 5b000000f7000a554e68e1baad6e20c491c6b0e1bba363203c636f6c6f723d236666666630303e372e3134332e3732303c2f636f6c6f723e20c49069e1bb836d206b696e68206e676869e1bb876d2074e1bbab2044c3a32054e1baa97510011801
--- chon='Ngẫu nhiên tất cả phần thưởng' ops=[16, 247, 251, 9, 9, 9, 9, 9, 9, 9, 9, 9, 9, 9, 9, 9, 9, 9, 9, 9, 9, 9, 9, 9, 9, 9, 9, 9, 9] ---
  16: 32000000100008c8e30910c3ed1a18964e20d1bb1b28904e38e5e8add10642063130333130334a104ec3b4204ce1bb872053e1bb91203130
  247: 58000000f7000a524e68e1baad6e20c491c6b0e1bba363203c636f6c6f723d236666666630303e5068692054e1bb916320686fc3a06e202854e1bb916e67204b696d293c2f636f6c6f723e2074e1bbab2044c3a32054e1baa97510011801
  251: 00000000fb00
--- chon='Ngẫu nhiên tất cả kỳ trân dị bảo' ops=[9, 9, 9, 9, 9, 9, 9, 9, 9, 9, 9, 9, 16, 247, 9, 251, 9, 9, 9, 9, 9, 9, 9, 9, 9, 9, 9, 9, 9, 9, 9, 9, 9, 9, 9, 9, 9, 9, 9, 9, 9, 9, 9, 9, 9, 9, 9, 9, 9, 9, 9, 9, 9, 9, 9, 9, 9, 9, 9, 9, 9, 9, 9, 9, 9] ---
  16: 32000000100008888d111093f41d18964e20a1c21e28904e38f3e8add10642063130333130334a104ec3b4204ce1bb872053e1bb91203130
  247: 55000000f7000a4f4e68e1baad6e20c491c6b0e1bba363203c636f6c6f723d236666666630303e436869e1babf6e2063e1bb95202854e1bb916e67204b696d293c2f636f6c6f723e2074e1bbab2044c3a32054e1baa97510011801
  251: 00000000fb00140000000900317c3130323130397c35353532347c3438343631140000000900317c3130333738337c35363137367c3438363034
--- chon='Ngẫu nhiên tất cả phần thưởng' ops=[9, 9, 9, 9, 9, 9, 9, 9, 251, 9, 9, 9, 9, 9, 9, 9, 9, 9, 9, 9, 9, 9, 9, 9, 9, 9, 9, 9, 9, 9, 9, 9, 251, 9, 9, 9, 9, 9, 9, 9, 9, 9, 9, 9, 9, 9, 9, 9] ---
  251: 00000000fb00
  251: 00000000fb00
--- chon='Ngẫu nhiên tất cả phần thưởng' ops=[9, 9, 9, 9, 9, 9, 9, 247, 9, 9, 9, 9, 9, 9, 9, 9, 9, 9, 251, 9, 9, 9, 9, 9, 9, 9, 9, 9, 9, 9, 9, 9, 9, 9, 9, 9, 9, 9, 9, 9, 251, 9, 9, 9, 9, 9, 9, 9, 9, 9, 9, 9] ---
  247: 59000000f7000a534e68e1baad6e20c491c6b0e1bba363203c636f6c6f723d236666666630303e3933372e3734343c2f636f6c6f723e20c49069e1bb836d206b696e68206e676869e1bb876d2074e1bbab2044c3a32054e1baa97510011801
  251: 00000000fb00140000000900317c3130343932317c35363137367c3438343737140000000900317c3130323130397c35363134307c3438313335
  251: 00000000fb00140000000900317c3130323434397c35363133377c3438313338140000000900317c3130343932317c35363137367c3438333031
--- chon='Ngân lượng' ops=[247, 9, 9, 9, 9, 251, 9, 9, 9, 9, 9, 9, 251] ---
  247: 49000000f7000a434e68e1baad6e20c491c6b0e1bba363203c636f6c6f723d236666666630303e33353030206cc6b0e1bba36e673c2f636f6c6f723e2074e1bbab2044c3a32054e1baa97510011801
  251: 00000000fb00
  251: 00000000fb00
--- chon='Ngẫu nhiên tất cả phần thưởng' ops=[9, 9, 9, 9, 9, 9, 9, 9, 247, 9, 9, 9, 9, 9, 9, 9, 251, 9, 9, 9, 9, 9, 9, 9, 9, 9, 9, 9, 9, 9, 9, 9, 9, 9, 9, 9, 9, 9, 9, 9, 9, 9, 9, 9, 9, 9, 9, 9, 9, 9, 9, 9, 9, 9, 9, 9, 9, 9, 9, 9] ---
  247: 48000000f7000a424e68e1baad6e20c491c6b0e1bba363203c636f6c6f723d236666666630303e363330206cc6b0e1bba36e673c2f636f6c6f723e2074e1bbab2044c3a32054e1baa97510011801
  251: 00000000fb00140000000900317c3130333337367c35363137367c3438353834
--- chon='Ngẫu nhiên tất cả phần thưởng' ops=[9, 9, 9, 9, 9, 9, 9, 9, 9, 247, 9, 9, 251, 9, 9, 9, 9, 9, 9, 9, 9, 9, 9, 9, 9, 9, 9, 9, 9, 9, 9, 9, 9, 9, 9, 9, 9, 9, 9, 9, 251, 9, 9, 9, 9, 9, 9, 9, 9, 9, 9, 9, 9, 9, 9, 9, 9, 9, 9] ---
  247: 5b000000f7000a554e68e1baad6e20c491c6b0e1bba363203c636f6c6f723d236666666630303e362e3538342e3437323c2f636f6c6f723e20c49069e1bb836d206b696e68206e676869e1bb876d2074e1bbab2044c3a32054e1baa97510011801
  251: 00000000fb00
  251: 00000000fb00
--- chon='Ngân lượng' ops=[9, 9, 9, 9, 9, 9, 9, 247, 9, 9, 9, 9, 9, 9, 9, 9, 9, 9, 9, 9, 9, 9, 9, 9, 9, 9, 9, 9, 9, 9, 9, 9, 9, 9, 9, 9, 9, 9, 9, 9, 9, 9, 9, 9, 9, 9, 9, 9, 9, 9, 9] ---
  247: 48000000f7000a424e68e1baad6e20c491c6b0e1bba363203c636f6c6f723d236666666630303e323830206cc6b0e1bba36e673c2f636f6c6f723e2074e1bbab2044c3a32054e1baa97510011801140000000900317c3130343932317c35363137367c3438313330140000000900317c3130323636367c35353337367c3438353230
--- chon='Điểm kinh nghiệm' ops=[9, 251, 9, 9, 9, 9, 9, 9, 9, 9, 9, 9, 9, 9, 9, 9, 9, 9, 9, 9, 9, 9, 9, 9, 9, 9, 9, 9, 9, 9, 9, 9, 9, 9, 9, 9, 9, 9, 9, 9, 9, 9, 9, 9, 9, 9, 9, 9, 9, 9, 9, 251, 9, 9, 9, 9] ---
  251: 00000000fb00140000000900317c3130343932317c35363137367c3438343333
  251: 00000000fb00
--- chon='Quế Hoa Tửu' ops=[9, 9, 9, 9, 16, 247, 9, 9, 9, 9, 9, 9, 9, 9, 9, 9, 9, 9, 9, 9, 9, 251, 9, 9, 9, 9, 9, 9, 9, 9, 9, 9, 9, 9, 9, 9, 9, 9, 9, 9, 9, 9, 9, 9, 9, 9, 9, 9, 251, 9, 9, 9] ---
  16: 32000000100008b8f71210c3b80218964e20d1860328904e38e8eaadd10642063130333130334a104ec3b4204ce1bb872053e1bb91203130
  247: 4b000000f7000a454e68e1baad6e20c491c6b0e1bba363203c636f6c6f723d236666666630303e5175e1babf20486f612054e1bbad753c2f636f6c6f723e2074e1bbab2044c3a32054e1baa97510011801
  251: 00000000fb00140000000900317c3130323130397c35343830347c3438353338
  251: 00000000fb00
--- chon='Ngẫu nhiên tất cả kỳ trân dị bảo' ops=[9, 16, 9, 9, 9, 9, 9, 9, 9, 9, 9, 9, 9, 9, 9, 9, 9, 9, 9, 9, 9, 9, 9, 9, 251, 9, 9, 9, 9, 9, 9, 9, 9, 9, 9, 9, 9, 9, 9, 9, 9, 9, 9, 9] ---
  16: 32000000100008c8c5131083a61d18964e2091f41d28904e38f6eaadd10642063130333130334a104ec3b4204ce1bb872053e1bb912031305c000000f7000a564e68e1baad6e20c491c6b0e1bba363203c636f6c6f723d236666666630303ec490e1bb9963205068c3b26e6720686fc3a06e202854e1bb916e67204b696d293c2f636f6c6f723e2074e1bbab2044c3a32054e1baa9751001180100000000fb00
  251: 00000000fb00140000000900317c3130323636367c35353736307c3438333238140000000900317c3130323130397c35363134307c3438313335
--- chon='Ngẫu nhiên tất cả phần thưởng' ops=[9, 9, 9, 9, 9, 9, 9, 9, 9, 9, 247, 9, 9, 9, 9, 9, 9, 9, 9, 9, 9, 9, 9, 9, 251, 9, 9, 9, 9, 9, 9, 9, 9, 9, 9, 9, 9, 9, 9, 9, 9, 9, 9, 9, 9, 9, 9, 9, 9, 9, 9, 9, 251, 9, 9, 9, 9, 9, 9, 9, 9, 9, 9, 9, 9] ---
  247: 5b000000f7000a554e68e1baad6e20c491c6b0e1bba363203c636f6c6f723d236666666630303e342e3132372e3133363c2f636f6c6f723e20c49069e1bb836d206b696e68206e676869e1bb876d2074e1bbab2044c3a32054e1baa97510011801
  251: 00000000fb00
  251: 00000000fb00140000000900317c3130333337367c35363137367c3438323234140000000900317c3130323636367c35353434307c3438343838140000000900317c3130343932317c35363137367c3438353836140000000900317c3130323434397c35363137367c3438363234
--- chon='Ngẫu nhiên tất cả phần thưởng' ops=[9, 9, 9, 9, 9, 9, 9, 9, 9, 9, 251, 9, 9, 16, 247, 9, 9, 9, 9, 9, 9, 9, 9, 9, 9, 9, 9, 9, 9, 9, 9, 9, 9, 9, 9, 251, 9, 9, 9, 9, 9, 9, 9, 9, 9, 9, 9, 9, 9, 9, 9, 9, 9, 9, 9, 9, 9, 251, 9, 9, 9] ---
  251: 00000000fb00140000000900317c3130323130397c35343838377c3438353933140000000900317c3130333738337c35363239387c3438313830140000000900317c3130323636367c35343833367c3438353734
  16: 32000000100008d893141083b51818964e2091831928904e389aebadd10642063130333130334a104ec3b4204ce1bb872053e1bb91203130
  247: 5f000000f7000a594e68e1baad6e20c491c6b0e1bba363203c636f6c6f723d236666666630303e5472c6b0e1bb9d6e67204de1bb876e6820686fc3a06e202854e1bb916e67204b696d293c2f636f6c6f723e2074e1bbab2044c3a32054e1baa9751001180109000000090033367c313033373833140000000900317c3130323636367c35343836347c3438353834
  251: 00000000fb00
  251: 00000000fb00
--- chon='Ngẫu nhiên tất cả phần thưởng' ops=[9, 9, 247, 9, 9, 251, 9, 9, 9, 9, 9, 9, 9, 9, 9, 9, 9, 9, 9, 9, 9, 9, 9, 9, 251, 9, 9, 9, 9, 9, 9, 9] ---
  247: 49000000f7000a434e68e1baad6e20c491c6b0e1bba363203c636f6c6f723d236666666630303e36373230206cc6b0e1bba36e673c2f636f6c6f723e2074e1bbab2044c3a32054e1baa97510011801
  251: 00000000fb00
  251: 00000000fb00
--- chon='Ngân lượng' ops=[9, 9, 9, 9, 247, 9, 9, 251, 9, 9, 9, 9, 9, 9, 9, 9, 251, 9, 9, 9, 9, 9, 9] ---
  247: 49000000f7000a434e68e1baad6e20c491c6b0e1bba363203c636f6c6f723d236666666630303e33343330206cc6b0e1bba36e673c2f636f6c6f723e2074e1bbab2044c3a32054e1baa975100118010a0000000900307c7c377c3732323133
  251: 00000000fb00
  251: 00000000fb00
--- chon='Điểm kinh nghiệm' ops=[9, 9, 9, 9, 247, 9, 9, 9, 9, 9, 9, 9, 9, 9, 9, 9, 9, 9, 9, 9, 9, 9, 9, 9, 9, 9, 9, 9, 9, 9, 251, 9, 9, 9, 9, 9, 9, 9, 9, 9, 9, 9, 9] ---
  247: 5b000000f7000a554e68e1baad6e20c491c6b0e1bba363203c636f6c6f723d236666666630303e322e3739362e3638383c2f636f6c6f723e20c49069e1bb836d206b696e68206e676869e1bb876d2074e1bbab2044c3a32054e1baa97510011801
  251: 00000000fb00
--- chon='Ngân lượng' ops=[9, 9, 9, 9, 9, 9, 9, 9, 9, 251, 9, 9, 9, 9, 9, 9, 9, 9, 9, 9, 9, 9, 9, 9, 9, 9, 9, 9, 251, 9, 9, 9, 9, 9, 9, 9, 9, 9, 9, 9, 9, 9, 9, 9, 9, 9, 9, 9, 9, 9, 9, 251] ---
  251: 00000000fb00140000000900317c3130333738337c35363137367c3438313337
  251: 00000000fb00
  251: 00000000fb00140000000900317c3130333738337c35363231327c343831333666000000090033357c3130323636367c5468c3ba792059c3aa6e2058587c317c357c7c327c307c37357c313738347c313934327c307c31357c31347c31357c377c35353133397c34383633377c313734347c313934327c307c307c307c337c31357c307c347c307c307c307c140000000900317c3130333337367c35363137367c3438353638
--- chon='Ngẫu nhiên tất cả phần thưởng' ops=[9, 9, 9, 251, 9, 9, 16, 247, 9, 9, 9, 9, 9, 9, 9, 9, 9, 9, 9, 9, 9, 9, 9, 9, 9, 251, 9, 9, 9, 9, 9, 9, 9, 9, 9, 9, 9, 9, 9, 9, 9, 9, 9, 9, 9, 9, 9, 9, 9, 9, 9, 133] ---
  251: 00000000fb00140000000900317c3130323636367c35353439337c3438343737140000000900317c3130323130397c35353739327c3438333132
  16: 33000000100008a8a91210a3c21e18964e20b1901f28a09c0138abf6a5d10642063130333131354a104ec3b4204ce1bb872053e1bb91203131
  247: 54000000f7000a4e4e68e1baad6e20c491c6b0e1bba363203c636f6c6f723d236666666630303e4ce1bb876e682062c3a069202854e1bb916e67204b696d293c2f636f6c6f723e2074e1bbab2044c3a32054e1baa97510011801
  251: 00000000fb00140000000900317c3130323130397c35353630307c3438333834140000000900317c3130343932317c35363137367c3438363139140000000900317c3130323338387c35363137367c3438343536
  133: a60000008500080512063130323036381a15435456204cc3a26d205472756e67204869e1babf7522820140353220435456204ee1baa170204b4e42204b687579e1babf6e204dc3a3692035252054c3ad6368204ee1baa1702056697020204e68c3b36d204769616f4cc6b0752035303054562020403532205a616c6f203033373339302e38383838204035322048e1bb97205472e1bba3204769616f2044e1bb8b6368205447204e68616e68140000000900317c3130323130397c35353437327c3438343838
--- chon='Ngẫu nhiên tất cả phần thưởng' ops=[9, 9, 9, 9, 9, 9, 9, 9, 9, 9, 9, 251, 9, 9, 9, 9, 9, 9, 9, 9, 9, 9, 9, 9, 9, 9, 9, 9, 9, 9, 9, 9, 9, 251, 9, 9, 9, 9, 9, 9, 9, 9, 9] ---
  251: 00000000fb00140000000900317c3130343634367c35353535397c3437363638140000000900317c3130343932317c35363137367c3438333730
  251: 00000000fb00140000000900317c3130323636367c35363133337c3438313431140000000900317c3130343634367c35353634377c3437373931
--- chon='Ngẫu nhiên tất cả phần thưởng' ops=[9, 247, 9, 9, 9, 9, 9, 9, 9, 9, 9, 9, 9, 9, 9, 9, 251, 9, 9, 9, 9, 9, 9, 9, 9, 9, 9, 9, 9, 9, 9, 9, 9, 9, 9, 9] ---
  247: 59000000f7000a534e68e1baad6e20c491c6b0e1bba363203c636f6c6f723d236666666630303e3439312e3232303c2f636f6c6f723e20c49069e1bb836d206b696e68206e676869e1bb876d2074e1bbab2044c3a32054e1baa97510011801
  251: 00000000fb00
--- chon='Ngẫu nhiên tất cả kỳ trân dị bảo' ops=[9, 9, 9, 9, 16, 9, 9, 9, 9, 9, 9, 9, 251, 9, 9, 9, 9, 9, 9, 9, 9, 9, 9, 9, 9, 9, 9, 9, 9, 9, 9, 9, 9, 9, 9, 9, 9, 9, 9, 9, 9, 9, 9, 9, 9, 9, 9, 9, 9, 9] ---
  16: 33000000100008a8a91210a3c21e18964e20b1901f28b0ea0138abf6a5d10642063130333131354a104ec3b4204ce1bb872053e1bb9120313154000000f7000a4e4e68e1baad6e20c491c6b0e1bba363203c636f6c6f723d236666666630303e4ce1bb876e682062c3a069202854e1bb916e67204b696d293c2f636f6c6f723e2074e1bbab2044c3a32054e1baa97510011801140000000900317c3130333337367c35363137367c3438323536140000000900317c3130333337367c35363137367c3438323438
  251: 00000000fb00140000000900317c3130333337367c35363137367c3438323030140000000900317c3130323338387c35363137367c3438323332
--- chon='Ngẫu nhiên tất cả phần thưởng' ops=[9, 9, 9, 9, 16, 247, 9, 9, 9, 9, 9, 9, 9, 9, 9, 9, 9, 9, 9, 9, 9, 9, 9, 9, 9, 9, 9, 9, 9, 9, 9, 9, 9, 9, 9, 9, 9, 9, 9, 9, 9, 9, 9] ---
  16: 32000000100008888d1110d3bb1b18964e20e1891c28904e38eeedadd10642063130333131354a104ec3b4204ce1bb872053e1bb91203131
  247: 5b000000f7000a554e68e1baad6e20c491c6b0e1bba363203c636f6c6f723d236666666630303e42c4836e67205068c3b26e6720686fc3a06e202854e1bb916e67204b696d293c2f636f6c6f723e2074e1bbab2044c3a32054e1baa975100118010b000000090031347c31303539347c3339140000000900317c3130323636367c35353537367c3438343134140000000900317c3130343038367c35363232397c3438343732
--- chon='Ngẫu nhiên tất cả phần thưởng' ops=[9, 9, 9, 247, 9, 9, 9, 9, 9, 9, 9, 9, 9, 9, 9, 9, 9, 9, 9, 9, 9, 9, 9, 9, 9, 9, 9, 9, 9, 9, 9, 9, 9, 9, 9, 9, 9, 9, 9, 9, 9, 251, 9, 9, 9, 9, 9] ---
  247: 5b000000f7000a554e68e1baad6e20c491c6b0e1bba363203c636f6c6f723d236666666630303e322e3934322e3733353c2f636f6c6f723e20c49069e1bb836d206b696e68206e676869e1bb876d2074e1bbab2044c3a32054e1baa97510011801
  251: 00000000fb00
--- chon='Ngân lượng' ops=[9, 9, 9, 247, 9, 9, 251, 9, 9, 9, 9, 9, 9, 9, 9, 9, 9, 9, 9, 9, 9, 9, 9, 9, 9, 9, 9, 9, 9, 9, 9, 9, 9, 9, 9] ---
  247: 49000000f7000a434e68e1baad6e20c491c6b0e1bba363203c636f6c6f723d236666666630303e35323434206cc6b0e1bba36e673c2f636f6c6f723e2074e1bbab2044c3a32054e1baa97510011801
  251: 00000000fb00
--- chon='Ngân lượng' ops=[9, 9, 9, 9, 9, 9, 9, 9, 9, 247, 9, 9, 251, 9, 9, 9, 9, 9, 9, 9, 9, 9, 9, 9, 9, 9, 9, 9, 9, 9, 9, 9, 9, 9, 9, 9, 9, 9, 9, 9, 9, 9, 9, 9, 9, 9, 9, 9, 9, 9, 9, 9, 9] ---
  247: 51000000f7000a4b4e68e1baad6e20c491c6b0e1bba363203c636f6c6f723d236666666630303e322076e1baa16e2032333536206cc6b0e1bba36e673c2f636f6c6f723e2074e1bbab2044c3a32054e1baa97510011801
  251: 00000000fb00140000000900317c3130333337367c35363137367c3438353630140000000900317c3130323338387c35363137367c3438363039140000000900317c3130333738337c35363236347c3438313632
--- chon='Điểm kinh nghiệm' ops=[9, 9, 9, 9, 9, 9, 9, 9, 9, 9, 9, 9, 251, 9, 9, 9, 9, 9, 9, 9, 9, 9, 9, 9, 9, 9, 9, 9, 9, 9, 9, 9, 9, 9, 9, 251, 9, 9, 9, 9, 9, 9, 9, 9] ---
  251: 00000000fb00
  251: 00000000fb00140000000900317c3130333130327c35353330327c3437393238140000000900317c3130323130397c35353536387c3438343332
--- chon='Ngân lượng' ops=[9, 247, 9, 9, 9, 9, 9, 9, 9, 9, 9, 9, 9, 9, 9, 251, 9, 9, 9, 9, 9, 9, 9, 9, 9, 9, 9, 9, 9, 9, 251, 9, 9, 9] ---
  247: 51000000f7000a4b4e68e1baad6e20c491c6b0e1bba363203c636f6c6f723d236666666630303e312076e1baa16e2034323830206cc6b0e1bba36e673c2f636f6c6f723e2074e1bbab2044c3a32054e1baa97510011801140000000900317c3130323130397c35363037327c3438313730
  251: 00000000fb00
  251: 00000000fb00
--- chon='Tiên Thảo Lộ' ops=[9, 9, 9, 9, 9, 9, 9, 9, 9, 9, 9, 9, 9, 9, 9, 9, 9, 9, 9, 9, 9, 9, 9, 9, 9, 9, 9, 9, 9, 9, 9, 9, 9, 9, 9, 9, 9, 9, 9, 9, 9, 9, 9, 9, 9, 9, 9, 9, 9, 9, 9, 251, 9, 9, 9, 9, 9, 9, 9, 9, 9, 9, 9, 9, 9, 9, 9] ---
  251: 00000000fb00
--- chon='Điểm kinh nghiệm' ops=[9, 9, 9, 9, 9, 9, 9, 9, 9, 9, 9, 9, 9, 9, 9, 9, 9, 9, 9, 9, 9, 9, 9, 9, 9, 9, 9, 9, 9, 9, 9, 9, 9, 9, 9, 9, 9, 9, 9, 9, 9, 9, 9, 9, 9, 9, 9, 251] ---
  251: 00000000fb00140000000900317c3130323636367c35353538387c3438343132140000000900317c3130323130397c35353235367c3438353632
--- chon='Ngẫu nhiên tất cả kỳ trân dị bảo' ops=[9, 9, 9, 9, 16, 247, 9, 9, 9, 9, 9, 9, 9, 9, 9, 9, 9, 9, 9, 9, 9, 9, 9, 9, 9, 9, 9, 9, 9, 9, 9, 9, 9, 9, 9, 9, 9, 9, 9] ---
  16: 3200000010000898db1110b39f1a18964e20c1ed1a28904e38efeeadd10642063130333131354a104ec3b4204ce1bb872053e1bb91203131
  247: 5a000000f7000a544e68e1baad6e20c491c6b0e1bba363203c636f6c6f723d236666666630303e43616f20546869e1bb836d20686fc3a06e202854e1bb916e67204b696d293c2f636f6c6f723e2074e1bbab2044c3a32054e1baa97510011801
--- chon='Điểm kinh nghiệm' ops=[9, 9, 16, 247, 247, 9, 9, 9, 9, 9, 9, 9, 251, 9, 9, 9, 9, 9, 9, 9, 9, 9, 9, 9, 9, 9, 9, 9, 251, 9, 9, 9, 9] ---
  16: 33000000100008f8be1010a39c0118964e20b1ea0128b0ea0138e7f5a5d10642063130333131354a104ec3b4204ce1bb872053e1bb91203131
  247: 7c000000f7000a76686fc3a06e207468c3a06e6820636875e1bb9769203c636f6c6f723d233030666630303e3130303c2f636f6c6f723e206e6869e1bb876d2076e1bba52c206e68e1baad6e20c491c6b0e1bba363203c636f6c6f723d236666666630303e5469c3aa6e205468e1baa36f204ce1bb993c2f636f6c6f723e10011801
  247: 5c000000f7000a564e68e1baad6e20c491c6b0e1bba363203c636f6c6f723d236666666630303e31332e3233362e3338343c2f636f6c6f723e20c49069e1bb836d206b696e68206e676869e1bb876d2074e1bbab2044c3a32054e1baa97510011801140000000900317c3130333738337c35363137367c3438353830
  251: 00000000fb00
  251: 00000000fb00140000000900317c3130333738337c35363137367c3438343139
--- chon='Ngẫu nhiên tất cả phần thưởng' ops=[247, 9, 9, 9, 9, 9, 9, 9, 9, 9, 9, 9, 9, 9, 9, 9, 9, 9, 9, 9, 9, 9, 9, 9, 9, 9, 9, 9, 9, 9, 9, 9, 9, 9, 9, 9, 9, 9, 9, 9, 9, 9, 9, 251, 9, 9, 9, 9, 9, 9, 9, 9, 9, 9, 9] ---
  247: 5b000000f7000a554e68e1baad6e20c491c6b0e1bba363203c636f6c6f723d236666666630303e332e3030362e3834383c2f636f6c6f723e20c49069e1bb836d206b696e68206e676869e1bb876d2074e1bbab2044c3a32054e1baa97510011801
  251: 00000000fb00
--- chon='Ngẫu nhiên tất cả phần thưởng' ops=[9, 9, 16, 9, 9, 9, 9, 9, 9, 9, 9, 9, 9, 9, 9, 9, 9, 9, 9, 9, 9, 9, 9, 9, 9, 9, 9, 9, 9, 9, 9, 9, 9, 9, 9, 251, 9, 9, 9, 9] ---
  16: 32000000100008c8c51310b3ea0118964e20c1b80228904e38b1efadd10642063130333131354a104ec3b4204ce1bb872053e1bb9120313152000000f7000a4c4e68e1baad6e20c491c6b0e1bba363203c636f6c6f723d236666666630303e546869c3aa6e2073c6a16e2042e1baa36f204ce1bb993c2f636f6c6f723e2074e1bbab2044c3a32054e1baa97510011801
  251: 00000000fb00
--- chon='Ngân lượng' ops=[9, 9, 9, 9, 9, 9, 9, 9, 9, 9, 9, 9, 9, 9, 9, 9, 9, 9, 9, 9, 9, 9, 9, 9, 9, 9, 9, 9, 9, 9, 9, 9, 9, 9, 9, 9, 9, 9, 9, 9, 9, 9, 9, 9, 9, 9, 9, 9, 251, 9, 9] ---
  251: 00000000fb00
--- chon='Ngẫu nhiên tất cả kỳ trân dị bảo' ops=[9, 9, 9, 9, 251, 9, 9, 9, 9, 251, 9, 9, 9, 9] ---
  251: 00000000fb00
  251: 00000000fb00
--- chon='Quế Hoa Tửu' ops=[9, 9, 16, 9, 9, 9, 251, 9, 9, 9, 9, 9, 9, 9, 9, 9, 9, 9, 9, 9, 9, 9, 9, 9, 251, 9, 9, 9, 9, 9, 9, 9, 9, 9, 9] ---
  16: 32000000100008e8e11410c3b80218964e20d1860328904e38ddefadd10642063130333131354a104ec3b4204ce1bb872053e1bb912031314b000000f7000a454e68e1baad6e20c491c6b0e1bba363203c636f6c6f723d236666666630303e5175e1babf20486f612054e1bbad753c2f636f6c6f723e2074e1bbab2044c3a32054e1baa97510011801140000000900317c3130323130397c35353934307c3438323337140000000900317c3130313236397c35353537327c3437343738140000000900317c3130323636367c35353530347c34383437320e0000000900307c7c31317c3238383138393939
  251: 00000000fb00
  251: 00000000fb00
--- chon='Ngẫu nhiên tất cả phần thưởng' ops=[9, 9, 9, 9, 9, 247, 9, 9, 9, 9, 9, 9, 9, 9, 9, 9, 251, 9, 9, 9, 9, 9, 9, 9, 9, 9, 9, 9, 9, 9, 9, 9, 9, 9, 9, 9, 9, 9, 9, 9, 9, 9, 9, 9, 9, 9, 9, 9, 9, 9, 9] ---
  247: 5b000000f7000a554e68e1baad6e20c491c6b0e1bba363203c636f6c6f723d236666666630303e332e3730392e3530353c2f636f6c6f723e20c49069e1bb836d206b696e68206e676869e1bb876d2074e1bbab2044c3a32054e1baa97510011801
  251: 00000000fb00140000000900317c3130343932317c35363137367c3438353733140000000900317c3130323636367c35353639387c3438333238140000000900317c3130323130397c35363035317c3438313832
--- chon='Ngẫu nhiên tất cả phần thưởng' ops=[9, 251, 9, 247, 9, 9, 9, 9, 9, 9, 9, 9, 9, 9, 9, 9, 9, 9, 9, 9, 9, 9, 251, 9, 9, 9, 9, 9, 9, 9, 9, 9, 9, 9, 9, 9, 9, 9, 9, 9, 9, 9, 9] ---
  251: 00000000fb00
  247: 5b000000f7000a554e68e1baad6e20c491c6b0e1bba363203c636f6c6f723d236666666630303e322e3033382e3339353c2f636f6c6f723e20c49069e1bb836d206b696e68206e676869e1bb876d2074e1bbab2044c3a32054e1baa97510011801
  251: 00000000fb00140000000900317c3130323130397c35363030377c3438323033
--- chon='Điểm kinh nghiệm' ops=[9, 9, 9, 247, 9, 251, 9, 9, 9, 9, 9, 9, 9, 9, 9, 9, 9, 9, 9, 9, 9, 251, 9, 9, 9, 9, 9, 9, 9, 9, 9, 9, 9, 9, 9, 9, 9, 9] ---
  247: 5b000000f7000a554e68e1baad6e20c491c6b0e1bba363203c636f6c6f723d236666666630303e312e3338362e3135303c2f636f6c6f723e20c49069e1bb836d206b696e68206e676869e1bb876d2074e1bbab2044c3a32054e1baa97510011801140000000900317c3130343932317c35363230367c3438313334140000000900317c3130323130397c35343930387c3438363034
  251: 00000000fb00140000000900317c3130343932317c35363233347c3438313439140000000900317c3130323130397c35343932387c3438363136
  251: 00000000fb00
--- chon='Điểm kinh nghiệm' ops=[9, 9, 9, 9, 9, 247, 9, 9, 9, 9, 9, 9, 9, 9, 9, 9, 9, 9, 9, 9, 9, 9, 9, 9, 9, 9, 9, 9, 9, 9, 9, 9, 9, 9, 9, 9, 9, 9, 9, 9, 9, 9, 9, 9, 9, 9, 9, 9, 9, 9, 9, 9, 9, 9, 9, 9] ---
  247: 5b000000f7000a554e68e1baad6e20c491c6b0e1bba363203c636f6c6f723d236666666630303e332e3338392e3034353c2f636f6c6f723e20c49069e1bb836d206b696e68206e676869e1bb876d2074e1bbab2044c3a32054e1baa97510011801
--- chon='Điểm kinh nghiệm' ops=[9, 9, 9, 9, 9, 9, 9, 9, 9, 9, 9, 9, 9, 9, 9, 9, 9, 9, 9, 9, 9, 9, 9, 9, 9, 9, 9, 9, 9, 9, 9, 9, 9, 9, 9, 9, 9, 9, 9, 9, 9, 9, 9, 9, 9, 9, 9, 9, 9, 9, 9, 9] ---
--- chon='Ngân lượng' ops=[9, 9, 9, 9, 9, 9, 9, 9, 9, 9, 9, 9, 9, 9, 9, 9, 9, 9, 9, 9, 9, 9, 9, 9, 9, 9, 9, 9, 9, 251, 9, 9, 9, 9, 9, 9, 9, 9, 9, 9, 9, 9, 9, 9, 9, 9, 9, 9, 9, 9, 9, 9, 9, 9] ---
  251: 00000000fb00140000000900317c3130343932317c35363137367c3438343530
--- chon='Ngân lượng' ops=[9, 9, 9, 9, 247, 9, 9, 9, 9, 9, 9, 9, 9, 9, 9, 9, 9, 251, 9, 9, 9, 9, 9, 9, 9, 9, 9, 9, 9, 9, 9, 9, 9, 9, 9, 9, 9, 9, 9, 9, 9, 251, 9, 9, 9, 9, 9] ---
  247: 49000000f7000a434e68e1baad6e20c491c6b0e1bba363203c636f6c6f723d236666666630303e31313230206cc6b0e1bba36e673c2f636f6c6f723e2074e1bbab2044c3a32054e1baa97510011801
  251: 00000000fb00
  251: 00000000fb00140000000900317c3130343932317c35363139317c3438313237140000000900317c3130323636367c35353237397c3438353531
--- chon='Ngân lượng' ops=[9, 9, 9, 247, 9, 9, 9, 9, 9, 9, 9, 9, 9, 9, 9, 9, 9, 9, 9, 9, 9, 9, 9, 9, 9, 9, 9, 9, 9, 9, 9, 9, 9, 9, 9, 9, 9, 9, 9, 9, 9, 9, 9, 9, 9, 9, 9, 9, 9, 9] ---
  247: 49000000f7000a434e68e1baad6e20c491c6b0e1bba363203c636f6c6f723d236666666630303e31313230206cc6b0e1bba36e673c2f636f6c6f723e2074e1bbab2044c3a32054e1baa97510011801
--- chon='Ngẫu nhiên tất cả phần thưởng' ops=[9, 9, 247, 9, 9, 9, 9, 9, 9, 9, 251, 9, 9, 9, 9, 9, 9, 9, 9, 9, 9, 9, 9, 9, 9, 9, 9, 9, 9, 9, 9, 9, 9, 251, 9, 9, 9, 9, 9, 9, 9, 9, 9, 9, 9, 9, 9, 9, 9, 9] ---
  247: 49000000f7000a434e68e1baad6e20c491c6b0e1bba363203c636f6c6f723d236666666630303e32393430206cc6b0e1bba36e673c2f636f6c6f723e2074e1bbab2044c3a32054e1baa97510011801
  251: 00000000fb00140000000900317c3130333337367c35363137367c3438313736
  251: 00000000fb00
--- chon='Ngẫu nhiên tất cả phần thưởng' ops=[9, 9, 9, 9, 133, 9, 9, 9, 9, 9, 9, 9, 9, 9, 9, 9, 9, 9, 9, 9, 9, 9, 9, 9, 9, 9, 9, 9, 9, 9, 9, 9, 9, 9, 9, 251, 9, 9, 9, 9, 9, 9, 9, 9, 9] ---
  133: a60000008500080512063130323036381a15435456204cc3a26d205472756e67204869e1babf7522820140353220435456204ee1baa170204b4e42204b687579e1babf6e204dc3a3692035252054c3ad6368204ee1baa1702056697020204e68c3b36d204769616f4cc6b0752035303054562020403532205a616c6f203033373339302e38383838204035322048e1bb97205472e1bba3204769616f2044e1bb8b6368205447204e68616e68
  251: 00000000fb00
--- chon='Ngân lượng' ops=[9, 9, 9, 9, 9, 9, 9, 9, 9, 9, 9, 9, 9, 9, 9, 9, 9, 9, 9, 9, 9, 9, 9, 9, 9, 9, 9, 9, 9, 9, 9, 9, 9, 9, 9, 9, 9, 9, 9, 9, 9, 9, 9, 9, 9, 9, 9, 9, 251, 9, 9, 9, 9, 9, 9, 9, 9, 9] ---
  251: 00000000fb00140000000900317c3130343932317c35363137367c3438313630140000000900317c3130323338387c35363239387c3438313831140000000900317c3130333738337c35363137367c3438333030140000000900317c3130323636367c35353531347c3438343530
--- chon='Ngân lượng' ops=[9, 9, 251, 9, 247, 9, 9, 9, 9, 9, 9, 9, 9, 9, 9, 9, 9, 9, 9, 9, 9, 9, 9, 9, 9, 9, 9, 9, 9, 9, 9, 9, 9, 9, 9, 251, 9, 9] ---
  251: 00000000fb00140000000900317c3130323130397c35353938357c3438323134140000000900317c3130323338387c35363137367c3438313336
  247: 49000000f7000a434e68e1baad6e20c491c6b0e1bba363203c636f6c6f723d236666666630303e32313030206cc6b0e1bba36e673c2f636f6c6f723e2074e1bbab2044c3a32054e1baa97510011801140000000900317c3130323130397c35363030387c3438323032140000000900317c3130323338387c35363137367c3438313236
  251: 00000000fb00
--- chon='Ngân lượng' ops=[9, 9, 9, 251, 9, 9, 9, 9, 247, 9, 9, 9, 9, 9, 9, 9, 9, 9, 9, 9, 9, 9, 9, 9, 9, 9, 251, 9, 9, 9, 9, 9, 9, 9, 9, 9, 9, 9, 9, 9, 9, 9, 9, 9, 9, 9, 9, 251, 9, 9] ---
  251: 00000000fb00
  247: 49000000f7000a434e68e1baad6e20c491c6b0e1bba363203c636f6c6f723d236666666630303e31313230206cc6b0e1bba36e673c2f636f6c6f723e2074e1bbab2044c3a32054e1baa97510011801
  251: 00000000fb00140000000900317c3130323636367c35353336327c3438353139140000000900317c3130323130397c35353438357c3438343634
  251: 00000000fb00
--- chon='Gia Bào hoàn (Tống Kim)' ops=[251, 9, 9, 9, 9, 9, 9, 16, 247, 9, 9, 9, 9, 9, 9, 9, 9, 9, 9, 9, 9, 9, 9, 9, 9, 9, 9, 9, 9, 251, 9, 9, 9, 9, 9, 9, 9, 9, 9, 9, 9, 9, 9, 9, 9, 9, 9, 9, 9, 9, 9, 9, 9, 9, 9, 9, 251, 9, 9, 9, 9, 9] ---
  251: 00000000fb00
  16: 34000000100008c8d40e1093831918964e20a1d11928a09c0138d1a0a8d10642063130333131334a114ec3b420c3aae1bb872053e1bb91203132
  247: 57000000f7000a514e68e1baad6e20c491c6b0e1bba363203c636f6c6f723d236666666630303e4769612042c3a06f20686fc3a06e202854e1bb916e67204b696d293c2f636f6c6f723e2074e1bbab2044c3a32054e1baa97510011801
  251: 00000000fb00140000000900317c3130343038367c35363230317c3438323332140000000900317c3130323338387c35363137367c3438363034140000000900317c3130343932317c35363332327c343831393309000000090033367c313034393231140000000900317c3130333337367c35363137367c3438353736
  251: 00000000fb00
--- chon='Ngẫu nhiên tất cả kỳ trân dị bảo' ops=[9, 9, 9, 251, 16, 9, 9, 9, 9, 9, 9, 9, 9, 9, 9, 9, 9, 9, 9, 9, 9, 9, 9, 9, 9, 251, 9, 9, 9, 9, 9, 9, 9, 9, 9, 9, 9, 251] ---
  251: 00000000fb00140000000900317c3130343932317c35363137367c3438323638
  16: 34000000100008f8be1010f3d71c18964e2081a61d28a09c0138c7a2a8d10642063130333131334a114ec3b420c3aae1bb872053e1bb912031325b000000f7000a554e68e1baad6e20c491c6b0e1bba363203c636f6c6f723d236666666630303e48e1bb8f61205068c3b26e6720686fc3a06e202854e1bb916e67204b696d293c2f636f6c6f723e2074e1bbab2044c3a32054e1baa97510011801
  251: 00000000fb00
  251: 00000000fb00
--- chon='Ngẫu nhiên tất cả phần thưởng' ops=[9, 9, 247, 9, 9, 9, 9, 9, 9, 9, 9, 9, 9, 9, 9, 9, 9, 9, 9, 9, 9, 9, 9, 9, 9, 9, 9, 9, 9, 9, 9, 9, 9, 9, 9, 9, 9, 9, 9, 9, 9, 9, 9, 9, 9, 9, 9, 9, 9, 9, 9] ---
  247: 5b000000f7000a554e68e1baad6e20c491c6b0e1bba363203c636f6c6f723d236666666630303e332e3736332e3936303c2f636f6c6f723e20c49069e1bb836d206b696e68206e676869e1bb876d2074e1bbab2044c3a32054e1baa97510011801
--- chon='Ngẫu nhiên tất cả kỳ trân dị bảo' ops=[9, 9, 9, 9, 16, 9, 9, 251, 9, 9, 9, 9, 9, 9, 9, 9, 9, 9, 9, 9, 9, 9, 9, 9, 9, 9, 9, 9, 9, 9, 9, 9, 9, 9, 9, 9, 9, 9, 9, 9, 9, 9, 9, 9, 9, 9, 9, 9, 9, 9, 9, 9, 9, 9, 9, 9, 9, 9] ---
  16: 34000000100008f8be1010f3d71c18964e2081a61d28b0ea0138c7a2a8d10642063130333131334a114ec3b420c3aae1bb872053e1bb912031325b000000f7000a554e68e1baad6e20c491c6b0e1bba363203c636f6c6f723d236666666630303e48e1bb8f61205068c3b26e6720686fc3a06e202854e1bb916e67204b696d293c2f636f6c6f723e2074e1bbab2044c3a32054e1baa97510011801
  251: 00000000fb00
--- chon='Ngẫu nhiên tất cả phần thưởng' ops=[9, 9, 9, 16, 9, 9, 9, 9, 9, 9, 9, 9, 9, 9, 9, 9, 9, 9, 9, 9, 9, 9, 9, 9, 9, 9, 9, 9, 9, 9, 9, 9, 9, 9, 9, 9, 9, 9, 9, 9, 9, 9, 9, 9, 9] ---
  16: 33000000100008888d1110e3891c18964e20f1d71c28904e3897f4add10642063130333131334a114ec3b420c3aae1bb872053e1bb912031325a000000f7000a544e68e1baad6e20c491c6b0e1bba363203c636f6c6f723d236666666630303e4cc3b469205068c3b26e6720686fc3a06e202854e1bb916e67204b696d293c2f636f6c6f723e2074e1bbab2044c3a32054e1baa97510011801140000000900317c3130323130397c35363034387c3438313834140000000900317c3130333738337c35363137367c3438313834
