--- chon='Ngân lượng' ops=[9, 9, 9, 9, 9, 9, 247, 9, 9, 9, 9, 9, 9, 9, 9, 9, 9, 9, 9, 9, 9, 9, 9, 9, 9, 9, 9, 9, 9, 9, 9, 9, 9, 9, 9, 9] ---
  247: 51000000f7000a4b4e68e1baad6e20c491c6b0e1bba363203c636f6c6f723d236666666630303e312076e1baa16e2038363330206cc6b0e1bba36e673c2f636f6c6f723e2074e1bbab2044c3a32054e1baa97510011801
--- chon='Ngân lượng' ops=[9, 9, 9, 9, 9, 9, 9, 9, 9, 9, 9, 9, 9, 9, 9, 9, 9, 9, 9, 9, 9, 9, 9, 9, 9, 9, 9, 9, 9, 9, 9, 9, 9, 9, 9, 9, 9, 9, 9, 9, 9, 9, 9, 9] ---
--- chon='Ngẫu nhiên tất cả phần thưởng' ops=[9, 9, 9, 9, 9, 9, 9, 9, 9, 9, 9, 9, 9, 9, 9, 9, 9, 9, 9, 9, 9, 9, 9, 9, 9, 9, 9, 9, 9, 9, 9, 9, 9, 9, 9, 9, 9, 9, 9, 9, 9, 9] ---
--- chon='Ngân lượng' ops=[9, 9, 9, 9, 9, 247, 9, 9, 9, 9, 9, 9, 9, 9, 9, 9, 9, 9, 9, 9, 9, 9, 9, 9, 9, 9, 9, 9, 9, 9, 9, 9, 9, 9, 9, 9, 9] ---
  247: 51000000f7000a4b4e68e1baad6e20c491c6b0e1bba363203c636f6c6f723d236666666630303e322076e1baa16e2032333536206cc6b0e1bba36e673c2f636f6c6f723e2074e1bbab2044c3a32054e1baa97510011801140000000900317c3130343130357c35363132337c3438343133140000000900317c3130333337367c35363137367c34383332380b0000000900307c7c377c313935303430
--- chon='Ngân lượng' ops=[9, 9, 9, 9, 9, 9, 247, 9, 9, 9, 9, 9, 9, 9, 9, 9, 9, 251, 9, 9, 9, 9, 9, 9, 9, 9, 9, 9, 9] ---
  247: 48000000f7000a424e68e1baad6e20c491c6b0e1bba363203c636f6c6f723d236666666630303e313338206cc6b0e1bba36e673c2f636f6c6f723e2074e1bbab2044c3a32054e1baa9751001180100000000fb000b0000000900307c7c377c313935313738140000000900317c3130323636367c35353435307c3438343832
  251: 00000000fb00
--- chon='Điểm kinh nghiệm' ops=[9, 9, 9, 9, 247, 9, 9, 9, 9, 9, 9, 9, 9, 9, 9, 9, 9, 9, 251, 9, 9, 9, 9, 9, 9, 9, 9, 9, 9, 9, 9, 9, 9, 9, 9, 9, 9, 9] ---
  247: 5b000000f7000a554e68e1baad6e20c491c6b0e1bba363203c636f6c6f723d236666666630303e322e3334392e3733353c2f636f6c6f723e20c49069e1bb836d206b696e68206e676869e1bb876d2074e1bbab2044c3a32054e1baa97510011801140000000900317c3130323636367c35343738397c343835333009000000090033367c313032363636
  251: 00000000fb00140000000900317c3130323130397c35353636347c3438333736
--- chon='Ngẫu nhiên tất cả phần thưởng' ops=[9, 9, 9, 9, 9, 9, 16, 9, 9, 9, 9, 9, 9, 9, 9, 9, 9, 9, 9, 9, 9, 9, 9, 9, 9, 9, 9, 9, 9, 251, 9, 9, 9, 9, 9, 9, 9, 9, 9] ---
  16: 3100000010000888fe1510a3d11918964e20b19f1a28904e38fee7add10642063130333130364a0f4ec3b4204cc3aa2053e1bb912031335b000000f7000a554e68e1baad6e20c491c6b0e1bba363203c636f6c6f723d236666666630303ec490e1baa169204ce1bbb16320686fc3a06e202854e1bb916e67204b696d293c2f636f6c6f723e2074e1bbab2044c3a32054e1baa97510011801140000000900317c3130333337367c35363137367c3438313336140000000900317c3130323130397c35353436327c3438343736140000000900317c3130333337367c35363137367c3438313238
  251: 00000000fb00140000000900317c3130323130397c35353639367c3438333630
--- chon='Ngẫu nhiên tất cả phần thưởng' ops=[9, 9, 9, 9, 9, 247, 9, 9, 9, 9, 9, 9, 9, 9, 9, 9, 9, 9, 9, 9, 9, 9, 9, 9, 9, 9, 9, 9, 9, 9, 251, 9, 9] ---
  247: 5b000000f7000a554e68e1baad6e20c491c6b0e1bba363203c636f6c6f723d236666666630303e312e3433372e3539303c2f636f6c6f723e20c49069e1bb836d206b696e68206e676869e1bb876d2074e1bbab2044c3a32054e1baa97510011801
  251: 00000000fb00140000000900317c3130333738337c35363137367c3438343037140000000900317c3130323338387c35363137367c3438323139
--- chon='Ngẫu nhiên tất cả phần thưởng' ops=[9, 9, 9, 9, 9, 9, 9, 9, 9, 9, 9, 9, 9, 9, 9, 251, 9, 9, 9, 9, 9, 9, 9, 9, 9, 9, 9, 9, 9, 9, 9, 9, 9, 9, 9, 251, 9, 9, 9, 9, 9, 9] ---
  251: 00000000fb00140000000900317c3130343038367c35363238307c3438353230140000000900317c3130323338387c35363331317c3438313837140000000900317c3130323636367c35353530347c3438343536130000000900317c31303438357c35353838387c3437393736
  251: 00000000fb00140000000900317c3130343038367c35363233327c3438333736130000000900317c31303438357c35353638347c3437383936140000000900317c3130323636367c35353636327c3438333734
--- chon='Ngẫu nhiên tất cả kỳ trân dị bảo' ops=[9, 9, 9, 9, 16, 9, 9, 9, 9, 9, 9, 9, 9, 9, 9, 9, 9, 9, 9, 9, 9, 9, 9, 9, 9, 9, 251, 9, 9, 9, 9, 9, 9, 9, 9, 9, 9, 9, 9, 9] ---
  16: 31000000100008a89a1710e3891c18964e20f1d71c28904e38e7e8add10642063130333130364a0f4ec3b4204cc3aa2053e1bb912031335a000000f7000a544e68e1baad6e20c491c6b0e1bba363203c636f6c6f723d236666666630303e4cc3b469205068c3b26e6720686fc3a06e202854e1bb916e67204b696d293c2f636f6c6f723e2074e1bbab2044c3a32054e1baa97510011801140000000900317c3130333337367c35363137367c3438353834140000000900317c3130333337367c35363137367c3438353736140000000900317c3130323636367c35343931347c3438363039140000000900317c3130323130397c35343835347c3438353738
  251: 00000000fb00
--- chon='Ngẫu nhiên tất cả phần thưởng' ops=[9, 9, 9, 9, 9, 9, 9, 9, 9, 9, 9, 9, 9, 9, 9, 9, 9, 9, 9, 9, 9, 9, 9, 9, 9, 9, 9, 9, 9, 9, 9, 9, 9, 9, 9, 9, 9, 9, 9, 9, 9] ---
--- chon='Ngân lượng' ops=[9, 9, 9, 9, 9, 9, 9, 9, 9, 9, 9, 9, 9, 9, 9, 9, 9, 9, 9, 9, 9, 9, 9, 9, 9, 9, 9, 9, 251, 9, 9, 9, 9, 9, 9, 9] ---
  251: 00000000fb00140000000900317c3130323636367c35353932307c3438323438
--- chon='Ngân lượng' ops=[9, 9, 9, 9, 9, 9, 9, 9, 9, 9, 9, 251, 9, 9, 9, 9, 9, 9, 9, 9, 9, 9, 9, 9, 9, 9, 9, 9, 9, 9, 9, 9, 251, 9, 9, 9, 9, 9, 9, 9, 9] ---
  251: 00000000fb000b0000000900307c7c377c323339303432140000000900317c3130323434397c35353031367c3438363238140000000900317c3130343932317c35363137367c3438323236
  251: 00000000fb00
--- chon='Ngẫu nhiên tất cả phần thưởng' ops=[9, 9, 9, 9, 9, 9, 247, 9, 9, 9, 9, 9, 9, 9, 251, 9, 9, 9, 9, 9, 9, 9, 9, 9, 9, 9, 9, 9, 9, 9] ---
  247: 54000000f7000a4e4e68e1baad6e20c491c6b0e1bba363203c636f6c6f723d236666666630303e4ce1bb876e682062c3a069202854e1bb916e67204b696d293c2f636f6c6f723e2074e1bbab2044c3a32054e1baa97510011801140000000900317c3130323130397c35353235367c3438353632140000000900317c3130323636367c35343934387c3438363236
  251: 00000000fb00
--- chon='Ngẫu nhiên tất cả phần thưởng' ops=[9, 9, 251, 9, 247, 9, 9, 9, 9, 9, 9, 9, 9, 9, 9, 9, 9, 9, 9, 9, 9, 9, 9, 9, 9, 9, 9, 9, 9, 9, 9, 9, 9, 9, 9, 9, 9, 9, 9, 9, 9, 9, 9, 9] ---
  251: 00000000fb00
  247: 59000000f7000a534e68e1baad6e20c491c6b0e1bba363203c636f6c6f723d236666666630303e3336302e3635303c2f636f6c6f723e20c49069e1bb836d206b696e68206e676869e1bb876d2074e1bbab2044c3a32054e1baa97510011801
--- chon='Ngẫu nhiên tất cả phần thưởng' ops=[9, 9, 9, 9, 16, 9, 9, 9, 9, 9, 9, 9, 9, 9, 9, 9, 9, 9, 9, 9, 9, 9, 9, 9, 9, 9, 9, 251, 9, 9, 9, 9, 9, 9, 9, 9, 9, 9, 9, 9, 9, 9] ---
  16: 31000000100008d8841910a3d11918964e20b19f1a28904e38d6eaadd10642063130333130364a0f4ec3b4204cc3aa2053e1bb912031335b000000f7000a554e68e1baad6e20c491c6b0e1bba363203c636f6c6f723d236666666630303ec490e1baa169204ce1bbb16320686fc3a06e202854e1bb916e67204b696d293c2f636f6c6f723e2074e1bbab2044c3a32054e1baa97510011801140000000900317c3130323338387c35363137367c3438313437140000000900317c3130323636367c35353337367c34383532305e000000090033357c3130343932317c4665726172797c317c347c7c327c307c38307c323536347c3939317c307c31357c347c31357c357c35363137367c34383633317c323536347c3939317c307c307c307c317c32327c307c387c35387c34387c307c0f000000090031357c3130343932317c33397c3430
  251: 00000000fb00140000000900317c3130343932317c35363137367c3438343333
--- chon='Ngân lượng' ops=[9, 9, 9, 9, 9, 9, 9, 9, 9, 251, 9, 9, 9, 9, 9, 9, 9, 9, 9, 9, 9, 9, 9, 9, 9, 9, 9] ---
  251: 00000000fb00
--- chon='Thiết La Hán' ops=[9, 9, 9, 9, 9, 9, 9, 9, 9, 9, 9, 9, 9, 9, 9, 9, 9, 9, 9, 9, 9, 9, 9, 9, 9, 9, 9, 9, 9, 9, 9, 9, 9, 9, 9, 9, 9, 9, 9, 9, 9, 9, 9] ---
--- chon='Điểm kinh nghiệm' ops=[9, 9, 9, 247, 9, 9, 9, 9, 9, 9, 9, 9, 251, 9, 9, 9, 9, 9, 9, 9, 9, 9, 9, 9, 9, 9, 251, 9, 9, 9] ---
  247: 5b000000f7000a554e68e1baad6e20c491c6b0e1bba363203c636f6c6f723d236666666630303e332e3137332e3030353c2f636f6c6f723e20c49069e1bb836d206b696e68206e676869e1bb876d2074e1bbab2044c3a32054e1baa97510011801140000000900317c3130323636367c35343837347c3438353839140000000900317c3130323130397c35353836397c34383237320d0000000900307c7c31317c39303231313035
  251: 00000000fb00
  251: 00000000fb00
--- chon='Ngẫu nhiên tất cả phần thưởng' ops=[247, 251, 9, 9, 9, 9, 9, 251] ---
  247: 51000000f7000a4b4e68e1baad6e20c491c6b0e1bba363203c636f6c6f723d236666666630303e312076e1baa16e2033353234206cc6b0e1bba36e673c2f636f6c6f723e2074e1bbab2044c3a32054e1baa97510011801
  251: 00000000fb00
  251: 00000000fb00
--- chon='Ngẫu nhiên tất cả phần thưởng' ops=[247, 9, 251, 251] ---
  247: 5b000000f7000a554e68e1baad6e20c491c6b0e1bba363203c636f6c6f723d236666666630303e332e3439322e3932303c2f636f6c6f723e20c49069e1bb836d206b696e68206e676869e1bb876d2074e1bbab2044c3a32054e1baa97510011801
  251: 00000000fb00
  251: 00000000fb00
--- chon='Điểm kinh nghiệm' ops=[251, 247, 9, 9, 9, 9, 251, 9, 9, 9, 9, 9, 9, 9, 9, 9, 251] ---
  251: 00000000fb00
  247: 5b000000f7000a554e68e1baad6e20c491c6b0e1bba363203c636f6c6f723d236666666630303e322e3937342e3036353c2f636f6c6f723e20c49069e1bb836d206b696e68206e676869e1bb876d2074e1bbab2044c3a32054e1baa97510011801
  251: 00000000fb00
  251: 00000000fb00
--- chon='Quế Hoa Tửu' ops=[9, 16, 247, 251, 251] ---
  16: 3300000010000898db1110c3b80218964e20d1860328904e38edf1add10642063130333130324a114ec3b420c3aae1bb872053e1bb91203134
  247: 4b000000f7000a454e68e1baad6e20c491c6b0e1bba363203c636f6c6f723d236666666630303e5175e1babf20486f612054e1bbad753c2f636f6c6f723e2074e1bbab2044c3a32054e1baa97510011801
  251: 00000000fb00
  251: 00000000fb00
--- chon='Ngân lượng' ops=[247, 251, 9, 251] ---
  247: 48000000f7000a424e68e1baad6e20c491c6b0e1bba363203c636f6c6f723d236666666630303e383937206cc6b0e1bba36e673c2f636f6c6f723e2074e1bbab2044c3a32054e1baa97510011801
  251: 00000000fb00
  251: 00000000fb00
--- chon='Ngẫu nhiên tất cả phần thưởng' ops=[9, 247, 9, 9, 9, 251, 9, 9, 9, 251, 9, 9, 9, 9, 9] ---
  247: 5b000000f7000a554e68e1baad6e20c491c6b0e1bba363203c636f6c6f723d236666666630303e342e3535312e3433353c2f636f6c6f723e20c49069e1bb836d206b696e68206e676869e1bb876d2074e1bbab2044c3a32054e1baa97510011801
  251: 00000000fb00
  251: 00000000fb00
--- chon='Ngẫu nhiên tất cả phần thưởng' ops=[181, 247, 9, 251, 9, 9] ---
  247: 5b000000f7000a554e68e1baad6e20c491c6b0e1bba363203c636f6c6f723d236666666630303e332e3631302e3232353c2f636f6c6f723e20c49069e1bb836d206b696e68206e676869e1bb876d2074e1bbab2044c3a32054e1baa9751001180100000000fb00
  251: 00000000fb00
--- chon='Điểm kinh nghiệm' ops=[247, 247, 9, 251] ---
  247: 9c000000f7000a9501486fc3a06e207468c3a06e68206c69c3aa6e207469e1babf70203c636f6c6f723d233030666630303e31303c2f636f6c6f723e206e6869e1bb876d2076e1bba5206b68c3b46e672068e1bba7792c206e68e1baad6e20c491c6b0e1bba363203c636f6c6f723d236666666630303e352e3030302e3030303c2f636f6c6f723e20c49169e1bb836d206b696e68206e676869e1bb876d10011801
  247: 59000000f7000a534e68e1baad6e20c491c6b0e1bba363203c636f6c6f723d236666666630303e3637362e3538343c2f636f6c6f723e20c49069e1bb836d206b696e68206e676869e1bb876d2074e1bbab2044c3a32054e1baa9751001180100000000fb00
  251: 00000000fb00
--- chon='Ngẫu nhiên tất cả phần thưởng' ops=[251, 9, 9, 16, 247, 9, 9, 9, 251, 9, 9, 9, 9, 251] ---
  251: 00000000fb00
  16: 33000000100008a8a9121083a61d18964e2091f41d28904e38b8f2add10642063130333130324a114ec3b420c3aae1bb872053e1bb91203134
  247: 5c000000f7000a564e68e1baad6e20c491c6b0e1bba363203c636f6c6f723d236666666630303ec490e1bb9963205068c3b26e6720686fc3a06e202854e1bb916e67204b696d293c2f636f6c6f723e2074e1bbab2044c3a32054e1baa97510011801
  251: 00000000fb00
  251: 00000000fb00
--- chon='Ngân lượng' ops=[251, 247, 9, 9, 9, 9, 9, 251] ---
  251: 00000000fb00
  247: 51000000f7000a4b4e68e1baad6e20c491c6b0e1bba363203c636f6c6f723d236666666630303e312076e1baa16e2036333830206cc6b0e1bba36e673c2f636f6c6f723e2074e1bbab2044c3a32054e1baa97510011801
  251: 00000000fb00
--- chon='Ngẫu nhiên tất cả kỳ trân dị bảo' ops=[16, 247, 251, 251] ---
  16: 33000000100008b8f71210a3c21e18964e20b1901f28904e38d5f2add10642063130333130324a114ec3b420c3aae1bb872053e1bb91203134
  247: 54000000f7000a4e4e68e1baad6e20c491c6b0e1bba363203c636f6c6f723d236666666630303e4ce1bb876e682062c3a069202854e1bb916e67204b696d293c2f636f6c6f723e2074e1bbab2044c3a32054e1baa97510011801
  251: 00000000fb00
  251: 00000000fb00
--- chon='Thiết La Hán' ops=[9, 9, 16, 247, 251, 251] ---
  16: 33000000100008888d1110934e18964e20a19c0128a09c0138f9edadd10642063130333130324a114ec3b420c3aae1bb872053e1bb91203134
  247: 4b000000f7000a454e68e1baad6e20c491c6b0e1bba363203c636f6c6f723d236666666630303e546869e1babf74204c612048c3a16e3c2f636f6c6f723e2074e1bbab2044c3a32054e1baa97510011801
  251: 00000000fb00
  251: 00000000fb00
--- chon='Ngẫu nhiên tất cả kỳ trân dị bảo' ops=[9, 9, 16, 247, 251, 9, 9, 251] ---
  16: 34000000100008b8f71210a3c21e18964e20b1901f28a09c0138d5f2add10642063130333130324a114ec3b420c3aae1bb872053e1bb91203134
  247: 54000000f7000a4e4e68e1baad6e20c491c6b0e1bba363203c636f6c6f723d236666666630303e4ce1bb876e682062c3a069202854e1bb916e67204b696d293c2f636f6c6f723e2074e1bbab2044c3a32054e1baa97510011801
  251: 00000000fb00
  251: 00000000fb00
--- chon='Điểm kinh nghiệm' ops=[9, 9, 9, 247, 9, 9, 9, 9, 9, 9, 9, 9, 251, 9, 9, 9, 9, 9, 9, 9, 9, 9, 9, 9, 9, 9, 9, 251, 9, 9, 9] ---
  247: 5b000000f7000a554e68e1baad6e20c491c6b0e1bba363203c636f6c6f723d236666666630303e342e3434302e3634383c2f636f6c6f723e20c49069e1bb836d206b696e68206e676869e1bb876d2074e1bbab2044c3a32054e1baa97510011801
  251: 00000000fb00
  251: 00000000fb00
--- chon='Ngẫu nhiên tất cả phần thưởng' ops=[247, 9, 9, 9, 9, 251, 9, 9, 9, 9, 251] ---
  247: 49000000f7000a434e68e1baad6e20c491c6b0e1bba363203c636f6c6f723d236666666630303e33393930206cc6b0e1bba36e673c2f636f6c6f723e2074e1bbab2044c3a32054e1baa97510011801
  251: 00000000fb00
  251: 00000000fb00
--- chon='Ngẫu nhiên tất cả kỳ trân dị bảo' ops=[16, 247, 251, 251] ---
  16: 33000000100008c8c51310f3d71c18964e2081a61d28904e389cf3add10642063130333130324a114ec3b420c3aae1bb872053e1bb91203134
  247: 5b000000f7000a554e68e1baad6e20c491c6b0e1bba363203c636f6c6f723d236666666630303e48e1bb8f61205068c3b26e6720686fc3a06e202854e1bb916e67204b696d293c2f636f6c6f723e2074e1bbab2044c3a32054e1baa97510011801
  251: 00000000fb00
  251: 00000000fb00
--- chon='Ngẫu nhiên tất cả phần thưởng' ops=[247, 9, 9, 9, 9, 251, 251, 9, 9] ---
  247: 5b000000f7000a554e68e1baad6e20c491c6b0e1bba363203c636f6c6f723d236666666630303e322e3830392e3736303c2f636f6c6f723e20c49069e1bb836d206b696e68206e676869e1bb876d2074e1bbab2044c3a32054e1baa97510011801
  251: 00000000fb00
  251: 00000000fb00
--- chon='Ngẫu nhiên tất cả phần thưởng' ops=[9, 9, 9, 9, 9, 9, 9, 9, 9, 9, 9, 9, 9, 9, 9, 9, 9, 9, 9, 9, 9, 9, 9, 9, 9, 9, 9, 9, 9, 9, 9, 9, 9, 9, 9, 9, 9, 9, 9] ---
--- chon='Ngân lượng' ops=[9, 9, 9, 9, 9, 9, 9, 9, 9, 9, 9, 9, 9, 9, 9, 9, 9, 9, 9, 9, 9, 9, 9, 9, 9, 9, 9, 9, 9, 9, 9, 251, 9, 9, 9, 9] ---
  251: 00000000fb00
--- chon='Điểm kinh nghiệm' ops=[9, 9, 9, 9, 9, 9, 9, 9, 9, 9, 9, 9, 251, 9, 9, 9, 9, 9, 9, 9, 9, 9, 9, 9, 9, 9, 9, 9, 9, 9, 251, 9, 9, 9, 9, 9] ---
  251: 00000000fb00140000000900317c3130323130397c35343935357c3438363130140000000900317c3130333738337c35363137367c3438343432140000000900317c3130323338387c35363238367c3438313735
  251: 00000000fb00140000000900317c3130343038367c35363235327c3438343936130000000900317c31303433327c35353432307c3438363334140000000900317c3130333738337c35363137367c3438333330
--- chon='Ngẫu nhiên tất cả phần thưởng' ops=[9, 9, 9, 9, 9, 9, 9, 16, 9, 9, 9, 9, 9, 9, 9, 9, 9, 9, 9, 9, 9, 9, 9, 9, 9, 9, 251, 9, 9, 9, 9, 9, 9, 9, 9, 9, 9, 9, 9, 9, 9, 9] ---
  16: 34000000100008888d111083b51818964e2091831928a09c013894f4add10642063130333131304a114ec3b420c3aae1bb872053e1bb912031355f000000f7000a594e68e1baad6e20c491c6b0e1bba363203c636f6c6f723d236666666630303e5472c6b0e1bb9d6e67204de1bb876e6820686fc3a06e202854e1bb916e67204b696d293c2f636f6c6f723e2074e1bbab2044c3a32054e1baa97510011801
  251: 00000000fb00140000000900317c3130343038367c35363230327c3438323732140000000900317c3130323636367c35353630307c3438333736140000000900317c3130323130397c35353536387c3438343430
--- chon='Điểm kinh nghiệm' ops=[9, 9, 9, 9, 9, 9, 9, 9, 9, 9, 9, 9, 9, 9, 9, 9, 9, 9, 9, 9, 9, 9, 9, 9, 9, 9, 9, 9, 9, 9, 9, 9] ---
--- chon='Ngẫu nhiên tất cả phần thưởng' ops=[9, 9, 9, 9, 9, 9, 9, 9, 9, 9, 9, 9, 9, 9, 9, 9, 9, 9, 9, 9, 9, 9, 9, 9, 9, 9, 9, 9, 9, 9, 9, 9, 9, 9, 9, 9, 9] ---
--- chon='Ngẫu nhiên tất cả kỳ trân dị bảo' ops=[9, 9, 9, 9, 9, 9, 9, 9, 9, 9, 9, 9, 9, 9, 9, 9, 9, 9, 9, 9, 9, 9, 9, 9, 9, 9, 9, 9, 9, 9, 9, 9, 9, 9, 9, 9, 9, 9] ---
--- chon='Ngân lượng' ops=[9, 9, 9, 9, 9, 9, 247, 9, 9, 9, 9, 9, 9, 9, 9, 9, 9, 9, 9, 9, 9, 9, 251, 9, 9, 9, 9, 9, 9, 9, 9, 9, 9, 9, 9, 9, 9, 9, 9, 9] ---
  247: 48000000f7000a424e68e1baad6e20c491c6b0e1bba363203c636f6c6f723d236666666630303e353630206cc6b0e1bba36e673c2f636f6c6f723e2074e1bbab2044c3a32054e1baa97510011801140000000900317c3130333337367c35363137367c3438353630140000000900317c3130323636367c35353630317c3438333936
  251: 00000000fb00
--- chon='Ngẫu nhiên tất cả phần thưởng' ops=[9, 9, 9, 9, 9, 9, 9, 9, 9, 9, 9, 9, 9, 9, 9, 9, 9, 9, 9, 9, 9, 9, 9, 9, 9, 9, 9, 9, 9, 9, 9, 9, 9, 9, 251, 9, 9, 9, 9, 9, 9, 9] ---
  251: 00000000fb00
--- chon='Thiết La Hán' ops=[9, 9, 9, 9, 9, 9, 9, 9, 9, 9, 9, 9, 9, 9, 9, 9, 9, 9, 9, 9, 9, 9, 9, 9, 9, 9, 9, 9, 9, 9, 9, 9, 9, 9, 9, 9, 9, 9, 9, 9, 9, 9, 9] ---
--- chon='Ngẫu nhiên tất cả phần thưởng' ops=[9, 9, 9, 9, 9, 9, 9, 9, 9, 9, 9, 9, 9, 9, 9, 9, 9, 9, 9, 9, 9, 9, 9, 9, 9, 9, 9, 9, 9, 9, 9, 9, 9] ---
--- chon='Thiết La Hán' ops=[9, 9, 9, 9, 9, 9, 9, 9, 9, 16, 247, 9, 9, 9, 9, 9, 9, 9, 9, 9, 9, 9, 251, 9, 9, 9, 9, 9, 9, 9, 9, 9, 9, 9, 9, 9, 9, 9, 251, 9] ---
  16: 33000000100008b8f71210934e18964e20a19c0128a09c0138b1f6add10642063130333131304a114ec3b420c3aae1bb872053e1bb91203135
  247: 4b000000f7000a454e68e1baad6e20c491c6b0e1bba363203c636f6c6f723d236666666630303e546869e1babf74204c612048c3a16e3c2f636f6c6f723e2074e1bbab2044c3a32054e1baa97510011801140000000900317c3130333337367c35363137367c3438313336140000000900317c3130343038367c35363233307c3438343038130000000900317c31303433327c35353736327c3438303938
  251: 00000000fb00140000000900317c3130343038367c35363230367c3438333132
  251: 00000000fb00130000000900317c31303433327c35363036367c3438303935
--- chon='Quế Hoa Tửu' ops=[133, 16, 247, 251, 9, 9, 9, 9, 9, 9, 9, 9, 9, 9, 251, 9, 9, 9, 9, 9, 9, 9, 9, 9, 9, 9] ---
  133: 990000008500080512063130343136381a0e435456205068c3ba632052c3a26d227d3c636f6c6f723d677265656e3e20435456204ee1baa170204b4e42203c656e7465723e204b687579e1babf6e206dc3a369203525202d2054c3ad6368206ee1baa17020564950203c656e7465723e205a616c6f20303937392e33342e33342e393720403533205472756e67204769616e206e68616e68206368c3b36e67
  16: 33000000100008c8c51310c3b80218964e20d1860328904e3895f7add10642063130333131304a114ec3b420c3aae1bb872053e1bb91203135
  247: 4b000000f7000a454e68e1baad6e20c491c6b0e1bba363203c636f6c6f723d236666666630303e5175e1babf20486f612054e1bbad753c2f636f6c6f723e2074e1bbab2044c3a32054e1baa97510011801
  251: 00000000fb00
  251: 00000000fb00140000000900317c3130333337367c35363331367c3438313838
--- chon='Ngẫu nhiên tất cả phần thưởng' ops=[9, 9, 9, 9, 9, 9, 9, 9, 9, 9, 9, 9, 9, 9, 9, 9, 9, 9, 9, 251, 9, 9, 9, 9, 9, 9, 9, 9, 9, 9, 9, 9, 9, 9, 9, 9, 9, 9] ---
  251: 00000000fb00140000000900317c3130323636367c35343830307c3438353336140000000900317c3130343932317c35363137367c3438323734140000000900317c3130333337367c35363238337c3438313733140000000900317c3130323338387c35363137367c3438333630
--- chon='Ngẫu nhiên tất cả phần thưởng' ops=[9, 9, 9, 251, 9, 9, 9, 9, 9, 9, 9, 9, 9, 9, 9, 9, 9, 9, 251, 9, 9, 9, 9, 9, 9, 9, 9, 9, 9, 9, 9] ---
  251: 00000000fb00
  251: 00000000fb00
--- chon='Điểm kinh nghiệm' ops=[9, 247, 9, 9, 9, 9, 9, 9, 9, 9, 9, 9, 9, 9, 9, 9, 9, 9, 9, 9, 9, 9, 9, 9, 9, 9, 9, 9, 9, 9, 9, 251] ---
  247: 5b000000f7000a554e68e1baad6e20c491c6b0e1bba363203c636f6c6f723d236666666630303e372e3937392e3935323c2f636f6c6f723e20c49069e1bb836d206b696e68206e676869e1bb876d2074e1bbab2044c3a32054e1baa97510011801
  251: 00000000fb00
--- chon='Quế Hoa Tửu' ops=[9, 9, 16, 9, 9, 9, 9, 9, 9, 9, 9, 9, 9, 251, 9, 9, 9, 9, 9, 9, 9, 9, 9, 9] ---
  16: 33000000100008f8af1510c3b80218964e20d1860328904e3883fbadd10642063130333131304a114ec3b420c3aae1bb872053e1bb912031354b000000f7000a454e68e1baad6e20c491c6b0e1bba363203c636f6c6f723d236666666630303e5175e1babf20486f612054e1bbad753c2f636f6c6f723e2074e1bbab2044c3a32054e1baa9751001180100000000fb00
  251: 00000000fb00
--- chon='Ngân lượng' ops=[9, 9, 247, 9, 251, 9, 9, 9, 9, 9, 9, 9, 9, 9, 9, 9, 9, 9, 9, 251, 9, 9, 9] ---
  247: 49000000f7000a434e68e1baad6e20c491c6b0e1bba363203c636f6c6f723d236666666630303e33343038206cc6b0e1bba36e673c2f636f6c6f723e2074e1bbab2044c3a32054e1baa97510011801
  251: 00000000fb00
  251: 00000000fb00
--- chon='Ngân lượng' ops=[9, 9, 9, 9, 9, 9, 9, 251, 9, 9, 9, 9, 9, 9, 9, 9, 9, 9, 9, 9, 9, 9, 9, 9, 9, 9, 9, 9, 9, 9, 9, 9, 9, 9, 9, 9] ---
  251: 00000000fb00
--- chon='Ngân lượng' ops=[9, 251, 9, 247, 9, 9, 9, 9, 9, 9, 9, 9, 9, 9, 9, 9, 9, 9, 9, 9, 9, 9, 9, 9, 9, 9, 9, 9, 9, 9, 9, 9, 251] ---
  251: 00000000fb00
  247: 9c000000f7000a9501486fc3a06e207468c3a06e68206c69c3aa6e207469e1babf70203c636f6c6f723d233030666630303e32303c2f636f6c6f723e206e6869e1bb876d2076e1bba5206b68c3b46e672068e1bba7792c206e68e1baad6e20c491c6b0e1bba363203c636f6c6f723d236666666630303e352e3030302e3030303c2f636f6c6f723e20c49169e1bb836d206b696e68206e676869e1bb876d1001180149000000f7000a434e68e1baad6e20c491c6b0e1bba363203c636f6c6f723d236666666630303e32353536206cc6b0e1bba36e673c2f636f6c6f723e2074e1bbab2044c3a32054e1baa97510011801
  251: 00000000fb00
--- chon='Ngân lượng' ops=[9, 9, 9, 9, 247, 9, 251, 9, 9, 9, 9, 9, 9, 9, 9, 9, 9, 9, 9, 9, 9, 9, 9, 9, 9, 9, 9, 9, 9, 9, 9, 9, 9, 9, 9, 9, 9, 9, 9, 9, 9, 9, 9] ---
  247: 49000000f7000a434e68e1baad6e20c491c6b0e1bba363203c636f6c6f723d236666666630303e31383930206cc6b0e1bba36e673c2f636f6c6f723e2074e1bbab2044c3a32054e1baa97510011801140000000900317c3130323434397c35353733327c3438333430140000000900317c3130323130397c35353838387c3438323634140000000900317c3130323338387c35363137367c3438353232
  251: 00000000fb00140000000900317c3130323130397c35353839397c3438323538140000000900317c3130323338387c35363137367c3438353038
--- chon='Ngân lượng' ops=[9, 9, 9, 9, 247, 9, 9, 9, 9, 9, 9, 9, 9, 9, 9, 9, 9, 9, 9, 9, 9, 9, 9, 9, 9, 9, 9, 9, 9, 9, 9, 9, 9, 9, 9, 9, 9, 9, 9] ---
  247: 49000000f7000a434e68e1baad6e20c491c6b0e1bba363203c636f6c6f723d236666666630303e37333530206cc6b0e1bba36e673c2f636f6c6f723e2074e1bbab2044c3a32054e1baa975100118010a0000000900307c7c377c3437353536140000000900317c3130323130397c35353834397c3438323832140000000900317c3130323338387c35363137367c3438353237140000000900317c3130343932317c35363230367c3438313334
--- chon='Ngẫu nhiên tất cả phần thưởng' ops=[9, 9, 9, 9, 9, 9, 9, 9, 9, 9, 9, 9, 9, 9, 9, 9, 9, 9, 9, 9, 9, 9, 251, 9, 9, 9, 9, 9] ---
  251: 00000000fb00140000000900317c3130323130397c35353139377c3438363038
--- chon='Ngân lượng' ops=[9, 9, 9, 251, 9, 9, 247, 9, 9, 9, 9, 9, 9, 9, 9, 9, 9, 9, 9, 9, 9, 9, 9, 9, 9, 9, 9] ---
  251: 00000000fb00
  247: 50000000f7000a4a4e68e1baad6e20c491c6b0e1bba363203c636f6c6f723d236666666630303e312076e1baa16e20373130206cc6b0e1bba36e673c2f636f6c6f723e2074e1bbab2044c3a32054e1baa97510011801140000000900317c3130323130397c35353937327c3438323231140000000900317c3130323338387c35363139347c3438313238
--- chon='Điểm kinh nghiệm' ops=[251, 9, 133, 9, 9, 9, 9, 9, 9, 9, 9, 9, 9, 9, 9, 9, 9, 9, 9, 9, 9, 9, 9, 9, 9, 9, 9, 9, 9, 9, 9, 9, 251, 9, 9, 9] ---
  251: 00000000fb00140000000900317c3130323130397c35353638367c3438333634
  133: 990000008500080512063130343136381a0e435456205068c3ba632052c3a26d227d3c636f6c6f723d677265656e3e20435456204ee1baa170204b4e42203c656e7465723e204b687579e1babf6e206dc3a369203525202d2054c3ad6368206ee1baa17020564950203c656e7465723e205a616c6f20303937392e33342e33342e393720403533205472756e67204769616e206e68616e68206368c3b36e67
  251: 00000000fb00
--- chon='Đại Lực hoàn (Tống Kim)' ops=[9, 9, 9, 9, 16, 9, 9, 9, 9, 251, 9, 9, 9, 9, 9, 9, 9, 9, 9, 9, 9, 9, 9, 9, 9, 9, 9, 9, 251, 9, 9, 9, 9, 9, 9, 9, 9] ---
  16: 32000000100008b8f71210a3d11918964e20b19f1a28904e38b682aed10642063130333130384a104ec3b4204ce1bb872053e1bb912031365b000000f7000a554e68e1baad6e20c491c6b0e1bba363203c636f6c6f723d236666666630303ec490e1baa169204ce1bbb16320686fc3a06e202854e1bb916e67204b696d293c2f636f6c6f723e2074e1bbab2044c3a32054e1baa97510011801
  251: 00000000fb00
  251: 00000000fb00000000004500140000000900317c3130323130397c35353939327c3438323130140000000900317c3130323037337c35353236327c343835373566000000090033357c3130323636367c5468c3ba792059c3aa6e2058587c317c357c7c327c307c37357c313738347c313934327c307c31357c31347c31357c377c35353033347c34383633367c313734347c313934327c307c307c307c337c31357c307c367c307c307c307c140000000900317c3130323130397c35353936397c3438323231
--- chon='Ngân lượng' ops=[9, 9, 9, 9, 9, 247, 9, 9, 9, 9, 9, 9, 9, 9, 9, 9, 9, 9, 9, 9, 9, 9, 9, 9, 9, 9, 9, 9, 9, 9, 9, 9, 9, 9, 9, 9, 9, 9, 9, 9] ---
  247: 51000000f7000a4b4e68e1baad6e20c491c6b0e1bba363203c636f6c6f723d236666666630303e312076e1baa16e2038393030206cc6b0e1bba36e673c2f636f6c6f723e2074e1bbab2044c3a32054e1baa97510011801
--- chon='Ngân lượng' ops=[9, 9, 9, 9, 9, 247, 9, 9, 9, 9, 9, 9, 9, 9, 9, 251, 9, 9, 9, 9, 9, 9, 9, 9, 9, 9, 9, 9, 9, 9, 9, 9, 9, 9, 9] ---
  247: 49000000f7000a434e68e1baad6e20c491c6b0e1bba363203c636f6c6f723d236666666630303e34343130206cc6b0e1bba36e673c2f636f6c6f723e2074e1bbab2044c3a32054e1baa97510011801
  251: 00000000fb00
--- chon='Ngân lượng' ops=[9, 9, 9, 9, 9, 9, 247, 9, 9, 9, 9, 9, 9, 9, 9, 9, 9, 9, 9, 9, 9, 9, 9, 9, 9, 9, 9, 9, 9, 9, 9, 9, 9, 9, 9, 9, 9, 9, 9, 9] ---
  247: 49000000f7000a434e68e1baad6e20c491c6b0e1bba363203c636f6c6f723d236666666630303e33393230206cc6b0e1bba36e673c2f636f6c6f723e2074e1bbab2044c3a32054e1baa9751001180109000000090033367c313032313039140000000900317c3130323338387c35363137367c3438323232140000000900317c3130323636367c35353932307c343832343800000000fb00140000000900317c3130343038367c35363234307c3438343536140000000900317c3130333337367c35363137367c3438343234
--- chon='Ngẫu nhiên tất cả phần thưởng' ops=[9, 247, 247, 9, 9, 9, 9, 9, 9, 9, 9, 9, 9, 9, 9, 9, 9, 9, 9, 9, 9, 9, 9, 9, 9, 9, 9, 9, 9, 9] ---
  247: 9c000000f7000a9501486fc3a06e207468c3a06e68206c69c3aa6e207469e1babf70203c636f6c6f723d233030666630303e31303c2f636f6c6f723e206e6869e1bb876d2076e1bba5206b68c3b46e672068e1bba7792c206e68e1baad6e20c491c6b0e1bba363203c636f6c6f723d236666666630303e352e3030302e3030303c2f636f6c6f723e20c49169e1bb836d206b696e68206e676869e1bb876d10011801
  247: 5b000000f7000a554e68e1baad6e20c491c6b0e1bba363203c636f6c6f723d236666666630303e322e3432312e3132383c2f636f6c6f723e20c49069e1bb836d206b696e68206e676869e1bb876d2074e1bbab2044c3a32054e1baa97510011801140000000900317c3130323130397c35353139377c3438363038
--- chon='Ngân lượng' ops=[9, 9, 9, 9, 9, 9, 9, 9, 9, 9, 9, 9, 9, 9, 9, 9, 9, 9, 9, 9, 9, 9, 9, 9, 9, 9, 9, 9, 9, 9, 9, 251, 9, 9, 9, 9, 9, 9, 9, 9, 9] ---
  251: 00000000fb00140000000900317c3130323636367c35363130307c3438313536
--- chon='Ngân lượng' ops=[9, 9, 251, 9, 9, 9, 9, 9, 9, 9, 9, 9, 9, 9, 9, 9, 9, 9, 9, 251, 9, 133, 9, 9, 9, 9, 9, 9, 9, 9, 9, 9, 9, 9] ---
  251: 00000000fb00
  251: 00000000fb00
  133: 710000008500080512063130333839321a0d4be1bb8b636820c490e1bb9963225641692063c3b3206163632073762063c5a92063c3b969206b6f206368c6a1692c2063686f20686fe1bab7632062c3a16e2072e1babb206dc3ac6e68207472e1baa369206e676869e1bb876d2076e1bb9b6920e1baa120
--- chon='Ngẫu nhiên tất cả phần thưởng' ops=[9, 9, 251, 9, 9, 9, 9, 9, 9, 9, 9, 9, 9, 9, 9, 9, 9, 9, 9, 9, 9, 9, 9, 9, 9, 9, 9, 9, 9, 9, 9, 9, 9, 9, 9, 9, 9] ---
  251: 00000000fb00
--- chon='Ngẫu nhiên tất cả phần thưởng' ops=[9, 9, 9, 251, 9, 9, 9, 9, 9, 9, 9, 9, 9, 9, 9, 9, 9, 9, 9, 9, 9, 9, 9, 9, 9, 9, 9, 9, 9, 9, 9, 9, 9, 9, 9, 9] ---
  251: 00000000fb00140000000900317c3130333337367c35363137367c343832393666000000090033357c3130323636367c5468c3ba792059c3aa6e2058587c317c357c7c327c307c37357c313738347c313934327c307c31357c31347c31357c377c35353134307c34383633367c313734347c313934327c307c307c307c337c31357c307c347c307c307c307c140000000900317c3130323636367c35353135327c343836333234000000b5000a0631303331303812285c7370725c736b696c6c5cc2b2c2b9c2b3c3a45c6d61675f7370655fc389c3bdc2bcc2b62e73707218015b000000f7000a554e68e1baad6e20c491c6b0e1bba363203c636f6c6f723d236666666630303e342e3332312e3030383c2f636f6c6f723e20c49069e1bb836d206b696e68206e676869e1bb876d2074e1bbab2044c3a32054e1baa97510011801
--- chon='Ngẫu nhiên tất cả kỳ trân dị bảo' ops=[9, 9, 9, 9, 9, 16, 247, 9, 9, 9, 9, 9, 9, 9, 9, 9, 9, 9, 9, 9, 9, 9, 251, 9, 9, 9, 9, 9, 9, 9, 9, 9, 9, 9, 9, 9, 9, 9, 9, 9] ---
  16: 32000000100008c8c51310c3ed1a18964e20d1bb1b28904e388f85aed10642063130333130384a104ec3b4204ce1bb872053e1bb91203136
  247: 58000000f7000a524e68e1baad6e20c491c6b0e1bba363203c636f6c6f723d236666666630303e5068692054e1bb916320686fc3a06e202854e1bb916e67204b696d293c2f636f6c6f723e2074e1bbab2044c3a32054e1baa97510011801140000000900317c3130323636367c35353633327c3438333932140000000900317c3130323130397c35353239337c3438353630
  251: 00000000fb00
--- chon='Ngẫu nhiên tất cả phần thưởng' ops=[9, 9, 9, 9, 9, 9, 9, 9, 9, 247, 9, 9, 9, 9, 9, 9, 9, 9, 9, 9, 9, 9, 9, 9, 9, 9, 9, 9, 9, 9, 9, 9, 9, 9, 9, 9, 9, 9, 9, 9, 9] ---
  247: 5b000000f7000a554e68e1baad6e20c491c6b0e1bba363203c636f6c6f723d236666666630303e342e3535312e3234303c2f636f6c6f723e20c49069e1bb836d206b696e68206e676869e1bb876d2074e1bbab2044c3a32054e1baa9751001180100000000fb00140000000900317c3130323636367c35353336347c3438353234
