EqName	FreeStand1	FreeStand2	FreeStand3	MeleeWStand	RangeWStand	DoubleWStand	FreeWalk	NormalWalk	MeleeWWalk	RangeWWalk	DoubleWWalk	FreeRun	NormalRun	MeleeWRun	RangeWRun	DoubleWRun	FreeWound	MeleeWWound	RangeWWound	DoubleWWound	FreeDie	MeleeWDie	RangeWDie	DoubleWDie	FreeAttack	MeleeWPuncture	MeleeWCut	RangeWPuncture	RangeWCut	DoubleWPull	DoubleWPound	DartThrow	FreeMagic	MeleeWMagic	RangeWMagic	DoubleWMagic	SitDown	Jump	RideStand	RideWalk	RideRun	RideCut	RidePuncture	RideMagic	RideWound	RideDie	RideStand1	RideStand2
Tay kh«ng	80,8,1	64,8,1	64,8,1	96,8,1	64,8,1	64,8,1	96,8,1	96,8,1	96,8,1	96,8,1	96,8,1	96,8,1	96,8,1	96,8,1	96,8,1	96,8,1	64,8,1	64,8,1	48,8,1	48,8,1	104,8,1	120,8,1	80,8,1	80,8,1	96,8,1	104,8,1	104,8,1	104,8,1	96,8,1	128,8,1	96,8,1	96,8,1	96,8,1	80,8,1	96,8,1	80,8,1	96,8,1	112,8,1	112,8,1	96,8,1	80,8,1	96,8,1	112,8,1	96,8,1	48,8,1	112,8,1	112,8,1	112,8,1
®¬n thń kiŐm 1	80,8,1	64,8,1	64,8,1	96,8,1			96,8,1	96,8,1	96,8,1			96,8,1	96,8,1	96,8,1			64,8,1	64,8,1			104,8,1	120,8,1			96,8,1	104,8,1	104,8,1						96,8,1	80,8,1			96,8,1	112,8,1	112,8,1	96,8,1	80,8,1	96,8,1	112,8,1	96,8,1	48,8,1	112,8,1	112,8,1	112,8,1
®¬n thń kiŐm 2	80,8,1	64,8,1	64,8,1	96,8,1			96,8,1	96,8,1	96,8,1			96,8,1	96,8,1	96,8,1			64,8,1	64,8,1			104,8,1	120,8,1			96,8,1	104,8,1	104,8,1						96,8,1	80,8,1			96,8,1	112,8,1	112,8,1	96,8,1	80,8,1	96,8,1	112,8,1	96,8,1	48,8,1	112,8,1	112,8,1	112,8,1
®¬n thń kiŐm 3	80,8,1	64,8,1	64,8,1	96,8,1			96,8,1	96,8,1	96,8,1			96,8,1	96,8,1	96,8,1			64,8,1	64,8,1			104,8,1	120,8,1			96,8,1	104,8,1	104,8,1						96,8,1	80,8,1			96,8,1	112,8,1	112,8,1	96,8,1	80,8,1	96,8,1	112,8,1	96,8,1	48,8,1	112,8,1	112,8,1	112,8,1
®¬n thń ®ao 1	80,8,1	64,8,1	64,8,1	96,8,1			96,8,1	96,8,1	96,8,1			96,8,1	96,8,1	96,8,1			64,8,1	64,8,1			104,8,1	120,8,1			96,8,1	104,8,1	104,8,1						96,8,1	80,8,1			96,8,1	112,8,1	112,8,1	96,8,1	80,8,1	96,8,1	112,8,1	96,8,1	48,8,1	112,8,1	112,8,1	112,8,1
®¬n thń ®ao 2	80,8,1	64,8,1	64,8,1	96,8,1			96,8,1	96,8,1	96,8,1			96,8,1	96,8,1	96,8,1			64,8,1	64,8,1			104,8,1	120,8,1			96,8,1	104,8,1	104,8,1						96,8,1	80,8,1			96,8,1	112,8,1	112,8,1	96,8,1	80,8,1	96,8,1	112,8,1	96,8,1	48,8,1	112,8,1	112,8,1	112,8,1
®¬n thń ®ao 3	80,8,1	64,8,1	64,8,1	96,8,1			96,8,1	96,8,1	96,8,1			96,8,1	96,8,1	96,8,1			64,8,1	64,8,1			104,8,1	120,8,1			96,8,1	104,8,1	104,8,1						96,8,1	80,8,1			96,8,1	112,8,1	112,8,1	96,8,1	80,8,1	96,8,1	112,8,1	96,8,1	48,8,1	112,8,1	112,8,1	112,8,1
Loąi tr­ęng th­¬ng 1	80,8,1	64,8,1	64,8,1		64,8,1		96,8,1	96,8,1		96,8,1		96,8,1	96,8,1		96,8,1		64,8,1		48,8,1		104,8,1		80,8,1		96,8,1			104,8,1	96,8,1				96,8,1		96,8,1		96,8,1	112,8,1	112,8,1	96,8,1	80,8,1	96,8,1	112,8,1	96,8,1	48,8,1	112,8,1	112,8,1	112,8,1
Loąi tr­ęng th­¬ng 2	80,8,1	64,8,1	64,8,1		64,8,1		96,8,1	96,8,1		96,8,1		96,8,1	96,8,1		96,8,1		64,8,1		48,8,1		104,8,1		80,8,1		96,8,1			104,8,1	96,8,1				96,8,1		96,8,1		96,8,1	112,8,1	112,8,1	96,8,1	80,8,1	96,8,1	112,8,1	96,8,1	48,8,1	112,8,1	112,8,1	112,8,1
Loąi tr­ęng th­¬ng 3	80,8,1	64,8,1	64,8,1		64,8,1		96,8,1	96,8,1		96,8,1		96,8,1	96,8,1		96,8,1		64,8,1		48,8,1		104,8,1		80,8,1		96,8,1			104,8,1	96,8,1				96,8,1		96,8,1		96,8,1	112,8,1	112,8,1	96,8,1	80,8,1	96,8,1	112,8,1	96,8,1	48,8,1	112,8,1	112,8,1	112,8,1
Loąi tr­ęng c«n 1	80,8,1	64,8,1	64,8,1		64,8,1		96,8,1	96,8,1		96,8,1		96,8,1	96,8,1		96,8,1		64,8,1		48,8,1		104,8,1		80,8,1		96,8,1			104,8,1	96,8,1				96,8,1		96,8,1		96,8,1	112,8,1	112,8,1	96,8,1	80,8,1	96,8,1	112,8,1	96,8,1	48,8,1	112,8,1	112,8,1	112,8,1
Loąi tr­ęng c«n 2	80,8,1	64,8,1	64,8,1		64,8,1		96,8,1	96,8,1		96,8,1		96,8,1	96,8,1		96,8,1		64,8,1		48,8,1		104,8,1		80,8,1		96,8,1			104,8,1	96,8,1				96,8,1		96,8,1		96,8,1	112,8,1	112,8,1	96,8,1	80,8,1	96,8,1	112,8,1	96,8,1	48,8,1	112,8,1	112,8,1	112,8,1
Loąi tr­ęng c«n 3	80,8,1	64,8,1	64,8,1		64,8,1		96,8,1	96,8,1		96,8,1		96,8,1	96,8,1		96,8,1		64,8,1		48,8,1		104,8,1		80,8,1		96,8,1			104,8,1	96,8,1				96,8,1		96,8,1		96,8,1	112,8,1	112,8,1	96,8,1	80,8,1	96,8,1	112,8,1	96,8,1	48,8,1	112,8,1	112,8,1	112,8,1
Loąi Song kiŐm 1	80,8,1	64,8,1	64,8,1			64,8,1	96,8,1	96,8,1			96,8,1	96,8,1	96,8,1			96,8,1	64,8,1			48,8,1	104,8,1			80,8,1	96,8,1					128,8,1	96,8,1		96,8,1			80,8,1	96,8,1	112,8,1	112,8,1	96,8,1	80,8,1	96,8,1	112,8,1	96,8,1	48,8,1	112,8,1	112,8,1	112,8,1
Loąi Song kiŐm 2	80,8,1	64,8,1	64,8,1			64,8,1	96,8,1	96,8,1			96,8,1	96,8,1	96,8,1			96,8,1	64,8,1			48,8,1	104,8,1			80,8,1	96,8,1					128,8,1	96,8,1		96,8,1			80,8,1	96,8,1	112,8,1	112,8,1	96,8,1	80,8,1	96,8,1	112,8,1	96,8,1	48,8,1	112,8,1	112,8,1	112,8,1
Loąi Song kiŐm 3	80,8,1	64,8,1	64,8,1			64,8,1	96,8,1	96,8,1			96,8,1	96,8,1	96,8,1			96,8,1	64,8,1			48,8,1	104,8,1			80,8,1	96,8,1					128,8,1	96,8,1		96,8,1			80,8,1	96,8,1	112,8,1	112,8,1	96,8,1	80,8,1	96,8,1	112,8,1	96,8,1	48,8,1	112,8,1	112,8,1	112,8,1
Loąi Song chďy 1	80,8,1	64,8,1	64,8,1			64,8,1	96,8,1	96,8,1			96,8,1	96,8,1	96,8,1			96,8,1	64,8,1			48,8,1	104,8,1			80,8,1	96,8,1					128,8,1	96,8,1		96,8,1			80,8,1	96,8,1	112,8,1	112,8,1	96,8,1	80,8,1	96,8,1	112,8,1	96,8,1	48,8,1	112,8,1	112,8,1	112,8,1
Loąi Song chďy 2	80,8,1	64,8,1	64,8,1			64,8,1	96,8,1	96,8,1			96,8,1	96,8,1	96,8,1			96,8,1	64,8,1			48,8,1	104,8,1			80,8,1	96,8,1					128,8,1	96,8,1		96,8,1			80,8,1	96,8,1	112,8,1	112,8,1	96,8,1	80,8,1	96,8,1	112,8,1	96,8,1	48,8,1	112,8,1	112,8,1	112,8,1
Loąi Song chďy 3	80,8,1	64,8,1	64,8,1			64,8,1	96,8,1	96,8,1			96,8,1	96,8,1	96,8,1			96,8,1	64,8,1			48,8,1	104,8,1			80,8,1	96,8,1					128,8,1	96,8,1		96,8,1			80,8,1	96,8,1	112,8,1	112,8,1	96,8,1	80,8,1	96,8,1	112,8,1	96,8,1	48,8,1	112,8,1	112,8,1	112,8,1
¸m khÝ 	80,8,1	64,8,1	64,8,1	96,8,1	64,8,1	64,8,1	96,8,1	96,8,1	96,8,1	96,8,1	96,8,1	96,8,1	96,8,1	96,8,1	96,8,1	96,8,1	64,8,1	64,8,1	48,8,1	48,8,1	104,8,1	120,8,1	80,8,1	80,8,1	96,8,1	104,8,1	104,8,1	104,8,1	96,8,1	128,8,1	96,8,1	96,8,1	96,8,1	80,8,1	96,8,1	80,8,1	96,8,1	112,8,1	112,8,1	96,8,1	80,8,1	96,8,1	112,8,1	96,8,1	48,8,1	112,8,1	112,8,1	112,8,1
®¬n thń kiŐm 4	80,8,1	64,8,1	64,8,1	96,8,1			96,8,1	96,8,1	96,8,1	96,8,1	96,8,1	96,8,1	96,8,1	96,8,1	96,8,1	96,8,1	64,8,1	64,8,1			104,8,1	120,8,1			96,8,1	104,8,1	104,8,1	104,8,1			96,8,1		96,8,1	80,8,1			96,8,1	112,8,1	112,8,1	96,8,1	80,8,1	96,8,1	112,8,1	96,8,1	48,8,1	112,8,1	112,8,1	112,8,1
®¬n thń kiŐm 5	80,8,1	64,8,1	64,8,1	96,8,1			96,8,1	96,8,1	96,8,1			96,8,1	96,8,1	96,8,1			64,8,1	64,8,1			104,8,1	120,8,1			96,8,1	104,8,1	104,8,1						96,8,1	80,8,1			96,8,1	112,8,1	112,8,1	96,8,1	80,8,1	96,8,1	112,8,1	96,8,1	48,8,1	112,8,1	112,8,1	112,8,1
®¬n thń ®ao 4	80,8,1	64,8,1	64,8,1	96,8,1			96,8,1	96,8,1	96,8,1			96,8,1	96,8,1	96,8,1			64,8,1	64,8,1			104,8,1	120,8,1			96,8,1	104,8,1	104,8,1						96,8,1	80,8,1			96,8,1	112,8,1	112,8,1	96,8,1	80,8,1	96,8,1	112,8,1	96,8,1	48,8,1	112,8,1	112,8,1	112,8,1
®¬n thń ®ao 5	80,8,1	64,8,1	64,8,1	96,8,1			96,8,1	96,8,1	96,8,1			96,8,1	96,8,1	96,8,1			64,8,1	64,8,1			104,8,1	120,8,1			96,8,1	104,8,1	104,8,1						96,8,1	80,8,1			96,8,1	112,8,1	112,8,1	96,8,1	80,8,1	96,8,1	112,8,1	96,8,1	48,8,1	112,8,1	112,8,1	112,8,1
Loąi tr­ęng th­¬ng 4	80,8,1	64,8,1	64,8,1		64,8,1		96,8,1	96,8,1		96,8,1		96,8,1	96,8,1		96,8,1		64,8,1		48,8,1		104,8,1		80,8,1		96,8,1			104,8,1	96,8,1				96,8,1		96,8,1		96,8,1	112,8,1	112,8,1	96,8,1	80,8,1	96,8,1	112,8,1	96,8,1	48,8,1	112,8,1	112,8,1	112,8,1
Loąi tr­ęng th­¬ng 5	80,8,1	64,8,1	64,8,1		64,8,1		96,8,1	96,8,1		96,8,1		96,8,1	96,8,1		96,8,1		64,8,1		48,8,1		104,8,1		80,8,1		96,8,1			104,8,1	96,8,1				96,8,1		96,8,1		96,8,1	112,8,1	112,8,1	96,8,1	80,8,1	96,8,1	112,8,1	96,8,1	48,8,1	112,8,1	112,8,1	112,8,1
Loąi tr­ęng c«n 4	80,8,1	64,8,1	64,8,1		64,8,1		96,8,1	96,8,1		96,8,1		96,8,1	96,8,1		96,8,1		64,8,1		48,8,1		104,8,1		80,8,1		96,8,1			104,8,1	96,8,1				96,8,1		96,8,1		96,8,1	112,8,1	112,8,1	96,8,1	80,8,1	96,8,1	112,8,1	96,8,1	48,8,1	112,8,1	112,8,1	112,8,1
Loąi tr­ęng c«n 5	80,8,1	64,8,1	64,8,1		64,8,1		96,8,1	96,8,1		96,8,1		96,8,1	96,8,1		96,8,1		64,8,1		48,8,1		104,8,1		80,8,1		96,8,1			104,8,1	96,8,1				96,8,1		96,8,1		96,8,1	112,8,1	112,8,1	96,8,1	80,8,1	96,8,1	112,8,1	96,8,1	48,8,1	112,8,1	112,8,1	112,8,1
Loąi Song kiŐm 4	80,8,1	64,8,1	64,8,1			64,8,1	96,8,1	96,8,1			96,8,1	96,8,1	96,8,1			96,8,1	64,8,1			48,8,1	104,8,1			80,8,1	96,8,1					128,8,1	96,8,1		96,8,1			80,8,1	96,8,1	112,8,1	112,8,1	96,8,1	80,8,1	96,8,1	112,8,1	96,8,1	48,8,1	112,8,1	112,8,1	112,8,1
Loąi Song kiŐm 5	80,8,1	64,8,1	64,8,1			64,8,1	96,8,1	96,8,1			96,8,1	96,8,1	96,8,1			96,8,1	64,8,1			48,8,1	104,8,1			80,8,1	96,8,1					128,8,1	96,8,1		96,8,1			80,8,1	96,8,1	112,8,1	112,8,1	96,8,1	80,8,1	96,8,1	112,8,1	96,8,1	48,8,1	112,8,1	112,8,1	112,8,1
Loąi Song chďy 4	80,8,1	64,8,1	64,8,1			64,8,1	96,8,1	96,8,1			96,8,1	96,8,1	96,8,1			96,8,1	64,8,1			48,8,1	104,8,1			80,8,1	96,8,1					128,8,1	96,8,1		96,8,1			80,8,1	96,8,1	112,8,1	112,8,1	96,8,1	80,8,1	96,8,1	112,8,1	96,8,1	48,8,1	112,8,1	112,8,1	112,8,1
Loąi Song chďy 5	80,8,1	64,8,1	64,8,1			64,8,1	96,8,1	96,8,1			96,8,1	96,8,1	96,8,1			96,8,1	64,8,1			48,8,1	104,8,1			80,8,1	96,8,1					128,8,1	96,8,1		96,8,1			80,8,1	96,8,1	112,8,1	112,8,1	96,8,1	80,8,1	96,8,1	112,8,1	96,8,1	48,8,1	112,8,1	112,8,1	112,8,1
<<Î´·­Ňë>>	80,8,1	64,8,1	64,8,1	96,8,1			96,8,1	96,8,1	96,8,1			96,8,1	96,8,1	96,8,1			64,8,1	64,8,1			104,8,1	120,8,1			96,8,1	104,8,1	104,8,1						96,8,1	80,8,1			96,8,1	112,8,1	112,8,1	96,8,1	80,8,1	96,8,1	112,8,1	96,8,1	48,8,1	112,8,1	112,8,1	112,8,1
<<Î´·­Ňë>>	80,8,1	64,8,1	64,8,1	96,8,1			96,8,1	96,8,1	96,8,1			96,8,1	96,8,1	96,8,1			64,8,1	64,8,1			104,8,1	120,8,1			96,8,1	104,8,1	104,8,1						96,8,1	80,8,1			96,8,1	112,8,1	112,8,1	96,8,1	80,8,1	96,8,1	112,8,1	96,8,1	48,8,1	112,8,1	112,8,1	112,8,1
<<Î´·­Ňë>>	80,8,1	64,8,1	64,8,1	96,8,1			96,8,1	96,8,1	96,8,1			96,8,1	96,8,1	96,8,1			64,8,1	64,8,1			104,8,1	120,8,1			96,8,1	104,8,1	104,8,1						96,8,1	80,8,1			96,8,1	112,8,1	112,8,1	96,8,1	80,8,1	96,8,1	112,8,1	96,8,1	48,8,1	112,8,1	112,8,1	112,8,1
<<Î´·­Ňë>>	80,8,1	64,8,1	64,8,1	96,8,1			96,8,1	96,8,1	96,8,1			96,8,1	96,8,1	96,8,1			64,8,1	64,8,1			104,8,1	120,8,1			96,8,1	104,8,1	104,8,1						96,8,1	80,8,1			96,8,1	112,8,1	112,8,1	96,8,1	80,8,1	96,8,1	112,8,1	96,8,1	48,8,1	112,8,1	112,8,1	112,8,1
<<Î´·­Ňë>>	80,8,1	64,8,1	64,8,1	96,8,1			96,8,1	96,8,1	96,8,1			96,8,1	96,8,1	96,8,1			64,8,1	64,8,1			104,8,1	120,8,1			96,8,1	104,8,1	104,8,1						96,8,1	80,8,1			96,8,1	112,8,1	112,8,1	96,8,1	80,8,1	96,8,1	112,8,1	96,8,1	48,8,1	112,8,1	112,8,1	112,8,1
<<Î´·­Ňë>>	80,8,1	64,8,1	64,8,1	96,8,1			96,8,1	96,8,1	96,8,1			96,8,1	96,8,1	96,8,1			64,8,1	64,8,1			104,8,1	120,8,1			96,8,1	104,8,1	104,8,1						96,8,1	80,8,1			96,8,1	112,8,1	112,8,1	96,8,1	80,8,1	96,8,1	112,8,1	96,8,1	48,8,1	112,8,1	112,8,1	112,8,1
<<Î´·­Ňë>>	80,8,1	64,8,1	64,8,1		64,8,1		96,8,1	96,8,1		96,8,1		96,8,1	96,8,1		96,8,1		64,8,1		48,8,1		104,8,1		80,8,1		96,8,1			104,8,1	96,8,1				96,8,1		96,8,1		96,8,1	112,8,1	112,8,1	96,8,1	80,8,1	96,8,1	112,8,1	96,8,1	48,8,1	112,8,1	112,8,1	112,8,1
<<Î´·­Ňë>>	80,8,1	64,8,1	64,8,1		64,8,1		96,8,1	96,8,1		96,8,1		96,8,1	96,8,1		96,8,1		64,8,1		48,8,1		104,8,1		80,8,1		96,8,1			104,8,1	96,8,1				96,8,1		96,8,1		96,8,1	112,8,1	112,8,1	96,8,1	80,8,1	96,8,1	112,8,1	96,8,1	48,8,1	112,8,1	112,8,1	112,8,1
<<Î´·­Ňë>>	80,8,1	64,8,1	64,8,1		64,8,1		96,8,1	96,8,1		96,8,1		96,8,1	96,8,1		96,8,1		64,8,1		48,8,1		104,8,1		80,8,1		96,8,1			104,8,1	96,8,1				96,8,1		96,8,1		96,8,1	112,8,1	112,8,1	96,8,1	80,8,1	96,8,1	112,8,1	96,8,1	48,8,1	112,8,1	112,8,1	112,8,1
<<Î´·­Ňë>>	80,8,1	64,8,1	64,8,1		64,8,1		96,8,1	96,8,1		96,8,1		96,8,1	96,8,1		96,8,1		64,8,1		48,8,1		104,8,1		80,8,1		96,8,1			104,8,1	96,8,1				96,8,1		96,8,1		96,8,1	112,8,1	112,8,1	96,8,1	80,8,1	96,8,1	112,8,1	96,8,1	48,8,1	112,8,1	112,8,1	112,8,1
<<Î´·­Ňë>>	80,8,1	64,8,1	64,8,1			64,8,1	96,8,1	96,8,1			96,8,1	96,8,1	96,8,1			96,8,1	64,8,1			48,8,1	104,8,1			80,8,1	96,8,1					128,8,1	96,8,1		96,8,1			80,8,1	96,8,1	112,8,1	112,8,1	96,8,1	80,8,1	96,8,1	112,8,1	96,8,1	48,8,1	112,8,1	112,8,1	112,8,1
<<Î´·­Ňë>>	80,8,1	64,8,1	64,8,1			64,8,1	96,8,1	96,8,1			96,8,1	96,8,1	96,8,1			96,8,1	64,8,1			48,8,1	104,8,1			80,8,1	96,8,1					128,8,1	96,8,1		96,8,1			80,8,1	96,8,1	112,8,1	112,8,1	96,8,1	80,8,1	96,8,1	112,8,1	96,8,1	48,8,1	112,8,1	112,8,1	112,8,1
Ë«˛řĘÖ-˝đ	80,8,1	64,8,1	64,8,1	96,8,1	64,8,1	64,8,1	96,8,1	96,8,1	96,8,1	96,8,1	96,8,1	96,8,1	96,8,1	96,8,1	96,8,1	96,8,1	64,8,1	64,8,1	48,8,1	48,8,1	104,8,1	120,8,1	80,8,1	80,8,1	96,8,1	104,8,1	104,8,1	104,8,1	96,8,1	128,8,1	96,8,1	96,8,1	96,8,1	80,8,1	96,8,1	80,8,1	96,8,1	112,8,1	112,8,1	96,8,1	80,8,1	96,8,1	112,8,1	96,8,1	48,8,1	112,8,1	112,8,1	112,8,1
Ë«˛řĘÖ-Ë®	80,8,1	64,8,1	64,8,1	96,8,1	64,8,1	64,8,1	96,8,1	96,8,1	96,8,1	96,8,1	96,8,1	96,8,1	96,8,1	96,8,1	96,8,1	96,8,1	64,8,1	64,8,1	48,8,1	48,8,1	104,8,1	120,8,1	80,8,1	80,8,1	96,8,1	104,8,1	104,8,1	104,8,1	96,8,1	128,8,1	96,8,1	96,8,1	96,8,1	80,8,1	96,8,1	80,8,1	96,8,1	112,8,1	112,8,1	96,8,1	80,8,1	96,8,1	112,8,1	96,8,1	48,8,1	112,8,1	112,8,1	112,8,1
Ë«˛řĘÖ-Äľ	80,8,1	64,8,1	64,8,1	96,8,1	64,8,1	64,8,1	96,8,1	96,8,1	96,8,1	96,8,1	96,8,1	96,8,1	96,8,1	96,8,1	96,8,1	96,8,1	64,8,1	64,8,1	48,8,1	48,8,1	104,8,1	120,8,1	80,8,1	80,8,1	96,8,1	104,8,1	104,8,1	104,8,1	96,8,1	128,8,1	96,8,1	96,8,1	96,8,1	80,8,1	96,8,1	80,8,1	96,8,1	112,8,1	112,8,1	96,8,1	80,8,1	96,8,1	112,8,1	96,8,1	48,8,1	112,8,1	112,8,1	112,8,1
Ë«˛řĘÖ-»đ	80,8,1	64,8,1	64,8,1	96,8,1	64,8,1	64,8,1	96,8,1	96,8,1	96,8,1	96,8,1	96,8,1	96,8,1	96,8,1	96,8,1	96,8,1	96,8,1	64,8,1	64,8,1	48,8,1	48,8,1	104,8,1	120,8,1	80,8,1	80,8,1	96,8,1	104,8,1	104,8,1	104,8,1	96,8,1	128,8,1	96,8,1	96,8,1	96,8,1	80,8,1	96,8,1	80,8,1	96,8,1	112,8,1	112,8,1	96,8,1	80,8,1	96,8,1	112,8,1	96,8,1	48,8,1	112,8,1	112,8,1	112,8,1
ł¤ą÷-˝đą÷	80,8,1	64,8,1	64,8,1		64,8,1		96,8,1	96,8,1		96,8,1		96,8,1	96,8,1		96,8,1		64,8,1		48,8,1		104,8,1		80,8,1		96,8,1			104,8,1	96,8,1				96,8,1		96,8,1		96,8,1	112,8,1	112,8,1	96,8,1	80,8,1	96,8,1	112,8,1	96,8,1	48,8,1	112,8,1	112,8,1	112,8,1
ł¤ą÷-»đą÷	80,8,1	64,8,1	64,8,1		64,8,1		96,8,1	96,8,1		96,8,1		96,8,1	96,8,1		96,8,1		64,8,1		48,8,1		104,8,1		80,8,1		96,8,1			104,8,1	96,8,1				96,8,1		96,8,1		96,8,1	112,8,1	112,8,1	96,8,1	80,8,1	96,8,1	112,8,1	96,8,1	48,8,1	112,8,1	112,8,1	112,8,1
ł¤Çą-˝đÇą	80,8,1	64,8,1	64,8,1		64,8,1		96,8,1	96,8,1		96,8,1		96,8,1	96,8,1		96,8,1		64,8,1		48,8,1		104,8,1		80,8,1		96,8,1			104,8,1	96,8,1				96,8,1		96,8,1		96,8,1	112,8,1	112,8,1	96,8,1	80,8,1	96,8,1	112,8,1	96,8,1	48,8,1	112,8,1	112,8,1	112,8,1
ł¤Çą-»đÇą	80,8,1	64,8,1	64,8,1		64,8,1		96,8,1	96,8,1		96,8,1		96,8,1	96,8,1		96,8,1		64,8,1		48,8,1		104,8,1		80,8,1		96,8,1			104,8,1	96,8,1				96,8,1		96,8,1		96,8,1	112,8,1	112,8,1	96,8,1	80,8,1	96,8,1	112,8,1	96,8,1	48,8,1	112,8,1	112,8,1	112,8,1
µĄĘÖµ¶-˝đ	80,8,1	64,8,1	64,8,1	96,8,1			96,8,1	96,8,1	96,8,1			96,8,1	96,8,1	96,8,1			64,8,1	64,8,1			104,8,1	120,8,1			96,8,1	104,8,1	104,8,1						96,8,1	80,8,1			96,8,1	112,8,1	112,8,1	96,8,1	80,8,1	96,8,1	112,8,1	96,8,1	48,8,1	112,8,1	112,8,1	112,8,1
µĄĘÖµ¶-Äľ	80,8,1	64,8,1	64,8,1	96,8,1			96,8,1	96,8,1	96,8,1			96,8,1	96,8,1	96,8,1			64,8,1	64,8,1			104,8,1	120,8,1			96,8,1	104,8,1	104,8,1						96,8,1	80,8,1			96,8,1	112,8,1	112,8,1	96,8,1	80,8,1	96,8,1	112,8,1	96,8,1	48,8,1	112,8,1	112,8,1	112,8,1
µĄĘÖµ¶-Ë®	80,8,1	64,8,1	64,8,1	96,8,1			96,8,1	96,8,1	96,8,1			96,8,1	96,8,1	96,8,1			64,8,1	64,8,1			104,8,1	120,8,1			96,8,1	104,8,1	104,8,1						96,8,1	80,8,1			96,8,1	112,8,1	112,8,1	96,8,1	80,8,1	96,8,1	112,8,1	96,8,1	48,8,1	112,8,1	112,8,1	112,8,1
µĄĘÖ»đµ¶-»đ	80,8,1	64,8,1	64,8,1	96,8,1			96,8,1	96,8,1	96,8,1			96,8,1	96,8,1	96,8,1			64,8,1	64,8,1			104,8,1	120,8,1			96,8,1	104,8,1	104,8,1						96,8,1	80,8,1			96,8,1	112,8,1	112,8,1	96,8,1	80,8,1	96,8,1	112,8,1	96,8,1	48,8,1	112,8,1	112,8,1	112,8,1
µĄĘÖµ¶-Ŕ×	80,8,1	64,8,1	64,8,1	96,8,1			96,8,1	96,8,1	96,8,1			96,8,1	96,8,1	96,8,1			64,8,1	64,8,1			104,8,1	120,8,1			96,8,1	104,8,1	104,8,1						96,8,1	80,8,1			96,8,1	112,8,1	112,8,1	96,8,1	80,8,1	96,8,1	112,8,1	96,8,1	48,8,1	112,8,1	112,8,1	112,8,1
µĄĘÖ˝Ł-Ë®	80,8,1	64,8,1	64,8,1	96,8,1			96,8,1	96,8,1	96,8,1			96,8,1	96,8,1	96,8,1			64,8,1	64,8,1			104,8,1	120,8,1			96,8,1	104,8,1	104,8,1						96,8,1	80,8,1			96,8,1	112,8,1	112,8,1	96,8,1	80,8,1	96,8,1	112,8,1	96,8,1	48,8,1	112,8,1	112,8,1	112,8,1
µĄĘÖ˝Ł-Ŕ×	80,8,1	64,8,1	64,8,1	96,8,1			96,8,1	96,8,1	96,8,1			96,8,1	96,8,1	96,8,1			64,8,1	64,8,1			104,8,1	120,8,1			96,8,1	104,8,1	104,8,1						96,8,1	80,8,1			96,8,1	112,8,1	112,8,1	96,8,1	80,8,1	96,8,1	112,8,1	96,8,1	48,8,1	112,8,1	112,8,1	112,8,1
µĄĘÖŔ×˝Ł-Ŕ×	80,8,1	64,8,1	64,8,1	96,8,1			96,8,1	96,8,1	96,8,1			96,8,1	96,8,1	96,8,1			64,8,1	64,8,1			104,8,1	120,8,1			96,8,1	104,8,1	104,8,1						96,8,1	80,8,1			96,8,1	112,8,1	112,8,1	96,8,1	80,8,1	96,8,1	112,8,1	96,8,1	48,8,1	112,8,1	112,8,1	112,8,1
Ë«´¸-˝đ	80,8,1	64,8,1	64,8,1			64,8,1	96,8,1	96,8,1			96,8,1	96,8,1	96,8,1			96,8,1	64,8,1			48,8,1	104,8,1			80,8,1	96,8,1					128,8,1	96,8,1		96,8,1			80,8,1	96,8,1	112,8,1	112,8,1	96,8,1	80,8,1	96,8,1	112,8,1	96,8,1	48,8,1	112,8,1	112,8,1	112,8,1
Ë«µ¶-Ë®	80,8,1	64,8,1	64,8,1			64,8,1	96,8,1	96,8,1			96,8,1	96,8,1	96,8,1			96,8,1	64,8,1			48,8,1	104,8,1			80,8,1	96,8,1					128,8,1	96,8,1		96,8,1			80,8,1	96,8,1	112,8,1	112,8,1	96,8,1	80,8,1	96,8,1	112,8,1	96,8,1	48,8,1	112,8,1	112,8,1	112,8,1
µĄĘÖµ¶-·˘ąâ1	80,8,1	64,8,1	64,8,1	96,8,1			96,8,1	96,8,1	96,8,1			96,8,1	96,8,1	96,8,1			64,8,1	64,8,1			104,8,1	120,8,1			96,8,1	104,8,1	104,8,1						96,8,1	80,8,1			96,8,1	112,8,1	112,8,1	96,8,1	80,8,1	96,8,1	112,8,1	96,8,1	48,8,1	112,8,1	112,8,1	112,8,1
µĄĘÖ˝Ł-·˘ąâ1	80,8,1	64,8,1	64,8,1	96,8,1			96,8,1	96,8,1	96,8,1			96,8,1	96,8,1	96,8,1			64,8,1	64,8,1			104,8,1	120,8,1			96,8,1	104,8,1	104,8,1						96,8,1	80,8,1			96,8,1	112,8,1	112,8,1	96,8,1	80,8,1	96,8,1	112,8,1	96,8,1	48,8,1	112,8,1	112,8,1	112,8,1
µĄĘÖ»đµ¶-·˘ąâ1	80,8,1	64,8,1	64,8,1	96,8,1			96,8,1	96,8,1	96,8,1			96,8,1	96,8,1	96,8,1			64,8,1	64,8,1			104,8,1	120,8,1			96,8,1	104,8,1	104,8,1						96,8,1	80,8,1			96,8,1	112,8,1	112,8,1	96,8,1	80,8,1	96,8,1	112,8,1	96,8,1	48,8,1	112,8,1	112,8,1	112,8,1
µĄĘÖŔ×˝Ł-·˘ąâ1	80,8,1	64,8,1	64,8,1	96,8,1			96,8,1	96,8,1	96,8,1			96,8,1	96,8,1	96,8,1			64,8,1	64,8,1			104,8,1	120,8,1			96,8,1	104,8,1	104,8,1						96,8,1	80,8,1			96,8,1	112,8,1	112,8,1	96,8,1	80,8,1	96,8,1	112,8,1	96,8,1	48,8,1	112,8,1	112,8,1	112,8,1
ł¤ą÷-·˘ąâ1	80,8,1	64,8,1	64,8,1		64,8,1		96,8,1	96,8,1		96,8,1		96,8,1	96,8,1		96,8,1		64,8,1		48,8,1		104,8,1		80,8,1		96,8,1			104,8,1	96,8,1				96,8,1		96,8,1		96,8,1	112,8,1	112,8,1	96,8,1	80,8,1	96,8,1	112,8,1	96,8,1	48,8,1	112,8,1	112,8,1	112,8,1
ł¤Çą-·˘ąâ1	80,8,1	64,8,1	64,8,1		64,8,1		96,8,1	96,8,1		96,8,1		96,8,1	96,8,1		96,8,1		64,8,1		48,8,1		104,8,1		80,8,1		96,8,1			104,8,1	96,8,1				96,8,1		96,8,1		96,8,1	112,8,1	112,8,1	96,8,1	80,8,1	96,8,1	112,8,1	96,8,1	48,8,1	112,8,1	112,8,1	112,8,1
Ë«´¸-·˘ąâ1	80,8,1	64,8,1	64,8,1			64,8,1	96,8,1	96,8,1			96,8,1	96,8,1	96,8,1			96,8,1	64,8,1			48,8,1	104,8,1			80,8,1	96,8,1					128,8,1	96,8,1		96,8,1			80,8,1	96,8,1	112,8,1	112,8,1	96,8,1	80,8,1	96,8,1	112,8,1	96,8,1	48,8,1	112,8,1	112,8,1	112,8,1
Ë«µ¶-·˘ąâ1	80,8,1	64,8,1	64,8,1			64,8,1	96,8,1	96,8,1			96,8,1	96,8,1	96,8,1			96,8,1	64,8,1			48,8,1	104,8,1			80,8,1	96,8,1					128,8,1	96,8,1		96,8,1			80,8,1	96,8,1	112,8,1	112,8,1	96,8,1	80,8,1	96,8,1	112,8,1	96,8,1	48,8,1	112,8,1	112,8,1	112,8,1
Ë«˛řĘÖ-·˘ąâ1	80,8,1	64,8,1	64,8,1	96,8,1	64,8,1	64,8,1	96,8,1	96,8,1	96,8,1	96,8,1	96,8,1	96,8,1	96,8,1	96,8,1	96,8,1	96,8,1	64,8,1	64,8,1	48,8,1	48,8,1	104,8,1	120,8,1	80,8,1	80,8,1	96,8,1	104,8,1	104,8,1	104,8,1	96,8,1	128,8,1	96,8,1	96,8,1	96,8,1	80,8,1	96,8,1	80,8,1	96,8,1	112,8,1	112,8,1	96,8,1	80,8,1	96,8,1	112,8,1	96,8,1	48,8,1	112,8,1	112,8,1	112,8,1
Ë«×¦-·˘ąâ1	80,8,1	64,8,1	64,8,1	96,8,1	64,8,1	64,8,1	96,8,1	96,8,1	96,8,1	96,8,1	96,8,1	96,8,1	96,8,1	96,8,1	96,8,1	96,8,1	64,8,1	64,8,1	48,8,1	48,8,1	104,8,1	120,8,1	80,8,1	80,8,1	96,8,1	104,8,1	104,8,1	104,8,1	96,8,1	128,8,1	96,8,1	96,8,1	96,8,1	80,8,1	96,8,1	80,8,1	96,8,1	112,8,1	112,8,1	96,8,1	80,8,1	96,8,1	112,8,1	96,8,1	48,8,1	112,8,1	112,8,1	112,8,1
żŐĘÖ-·˘ąâ1	80,8,1	64,8,1	64,8,1	96,8,1	64,8,1	64,8,1	96,8,1	96,8,1	96,8,1	96,8,1	96,8,1	96,8,1	96,8,1	96,8,1	96,8,1	96,8,1	64,8,1	64,8,1	48,8,1	48,8,1	104,8,1	120,8,1	80,8,1	80,8,1	96,8,1	104,8,1	104,8,1	104,8,1	96,8,1	128,8,1	96,8,1	96,8,1	96,8,1	80,8,1	96,8,1	80,8,1	96,8,1	112,8,1	112,8,1	96,8,1	80,8,1	96,8,1	112,8,1	96,8,1	48,8,1	112,8,1	112,8,1	112,8,1
µĄĘÖµ¶-·˘ąâ2	80,8,1	64,8,1	64,8,1	96,8,1			96,8,1	96,8,1	96,8,1			96,8,1	96,8,1	96,8,1			64,8,1	64,8,1			104,8,1	120,8,1			96,8,1	104,8,1	104,8,1						96,8,1	80,8,1			96,8,1	112,8,1	112,8,1	96,8,1	80,8,1	96,8,1	112,8,1	96,8,1	48,8,1	112,8,1	112,8,1	112,8,1
µĄĘÖ˝Ł-·˘ąâ2	80,8,1	64,8,1	64,8,1	96,8,1			96,8,1	96,8,1	96,8,1			96,8,1	96,8,1	96,8,1			64,8,1	64,8,1			104,8,1	120,8,1			96,8,1	104,8,1	104,8,1						96,8,1	80,8,1			96,8,1	112,8,1	112,8,1	96,8,1	80,8,1	96,8,1	112,8,1	96,8,1	48,8,1	112,8,1	112,8,1	112,8,1
µĄĘÖ»đµ¶-·˘ąâ2	80,8,1	64,8,1	64,8,1	96,8,1			96,8,1	96,8,1	96,8,1			96,8,1	96,8,1	96,8,1			64,8,1	64,8,1			104,8,1	120,8,1			96,8,1	104,8,1	104,8,1						96,8,1	80,8,1			96,8,1	112,8,1	112,8,1	96,8,1	80,8,1	96,8,1	112,8,1	96,8,1	48,8,1	112,8,1	112,8,1	112,8,1
µĄĘÖŔ×˝Ł-·˘ąâ2	80,8,1	64,8,1	64,8,1	96,8,1			96,8,1	96,8,1	96,8,1			96,8,1	96,8,1	96,8,1			64,8,1	64,8,1			104,8,1	120,8,1			96,8,1	104,8,1	104,8,1						96,8,1	80,8,1			96,8,1	112,8,1	112,8,1	96,8,1	80,8,1	96,8,1	112,8,1	96,8,1	48,8,1	112,8,1	112,8,1	112,8,1
ł¤ą÷-·˘ąâ2	80,8,1	64,8,1	64,8,1		64,8,1		96,8,1	96,8,1		96,8,1		96,8,1	96,8,1		96,8,1		64,8,1		48,8,1		104,8,1		80,8,1		96,8,1			104,8,1	96,8,1				96,8,1		96,8,1		96,8,1	112,8,1	112,8,1	96,8,1	80,8,1	96,8,1	112,8,1	96,8,1	48,8,1	112,8,1	112,8,1	112,8,1
ł¤Çą-·˘ąâ2	80,8,1	64,8,1	64,8,1		64,8,1		96,8,1	96,8,1		96,8,1		96,8,1	96,8,1		96,8,1		64,8,1		48,8,1		104,8,1		80,8,1		96,8,1			104,8,1	96,8,1				96,8,1		96,8,1		96,8,1	112,8,1	112,8,1	96,8,1	80,8,1	96,8,1	112,8,1	96,8,1	48,8,1	112,8,1	112,8,1	112,8,1
Ë«´¸-·˘ąâ2	80,8,1	64,8,1	64,8,1			64,8,1	96,8,1	96,8,1			96,8,1	96,8,1	96,8,1			96,8,1	64,8,1			48,8,1	104,8,1			80,8,1	96,8,1					128,8,1	96,8,1		96,8,1			80,8,1	96,8,1	112,8,1	112,8,1	96,8,1	80,8,1	96,8,1	112,8,1	96,8,1	48,8,1	112,8,1	112,8,1	112,8,1
Ë«µ¶-·˘ąâ2	80,8,1	64,8,1	64,8,1			64,8,1	96,8,1	96,8,1			96,8,1	96,8,1	96,8,1			96,8,1	64,8,1			48,8,1	104,8,1			80,8,1	96,8,1					128,8,1	96,8,1		96,8,1			80,8,1	96,8,1	112,8,1	112,8,1	96,8,1	80,8,1	96,8,1	112,8,1	96,8,1	48,8,1	112,8,1	112,8,1	112,8,1
Ë«˛řĘÖ-·˘ąâ2	80,8,1	64,8,1	64,8,1	96,8,1	64,8,1	64,8,1	96,8,1	96,8,1	96,8,1	96,8,1	96,8,1	96,8,1	96,8,1	96,8,1	96,8,1	96,8,1	64,8,1	64,8,1	48,8,1	48,8,1	104,8,1	120,8,1	80,8,1	80,8,1	96,8,1	104,8,1	104,8,1	104,8,1	96,8,1	128,8,1	96,8,1	96,8,1	96,8,1	80,8,1	96,8,1	80,8,1	96,8,1	112,8,1	112,8,1	96,8,1	80,8,1	96,8,1	112,8,1	96,8,1	48,8,1	112,8,1	112,8,1	112,8,1
Ë«×¦-·˘ąâ2	80,8,1	64,8,1	64,8,1	96,8,1	64,8,1	64,8,1	96,8,1	96,8,1	96,8,1	96,8,1	96,8,1	96,8,1	96,8,1	96,8,1	96,8,1	96,8,1	64,8,1	64,8,1	48,8,1	48,8,1	104,8,1	120,8,1	80,8,1	80,8,1	96,8,1	104,8,1	104,8,1	104,8,1	96,8,1	128,8,1	96,8,1	96,8,1	96,8,1	80,8,1	96,8,1	80,8,1	96,8,1	112,8,1	112,8,1	96,8,1	80,8,1	96,8,1	112,8,1	96,8,1	48,8,1	112,8,1	112,8,1	112,8,1
żŐĘÖ-·˘ąâ2	80,8,1	64,8,1	64,8,1	96,8,1	64,8,1	64,8,1	96,8,1	96,8,1	96,8,1	96,8,1	96,8,1	96,8,1	96,8,1	96,8,1	96,8,1	96,8,1	64,8,1	64,8,1	48,8,1	48,8,1	104,8,1	120,8,1	80,8,1	80,8,1	96,8,1	104,8,1	104,8,1	104,8,1	96,8,1	128,8,1	96,8,1	96,8,1	96,8,1	80,8,1	96,8,1	80,8,1	96,8,1	112,8,1	112,8,1	96,8,1	80,8,1	96,8,1	112,8,1	96,8,1	48,8,1	112,8,1	112,8,1	112,8,1
Minh Ph­îng Quy Y TriŇn Thń																																																
Minh Ph­îng Cůc Ląc T¨ng C«n																																																
Minh Ph­îng H­ Kh«ng Giíi §ao																																																
Minh Ph­îng ChiŐn ThÇn Chďy	80,8,1	64,8,1	64,8,1	96,8,1	64,8,1	64,8,1	96,8,1	96,8,1	96,8,1	96,8,1	88,8,1	96,8,1	96,8,1	96,8,1	96,8,1	96,8,1	64,8,1	64,8,1	48,8,1	48,8,1	104,8,1	120,8,1	80,8,1	80,8,1	96,8,1	104,8,1	104,8,1	104,8,1	96,8,1	128,8,1	96,8,1	96,8,1	96,8,1	80,8,1	96,8,1	80,8,1	96,8,1	112,8,1	112,8,1	96,8,1	80,8,1	96,8,1	112,8,1	96,8,1	48,8,1	112,8,1	112,8,1	112,8,1
Minh Ph­îng Anh Hďng Th­¬ng	80,8,1	64,8,1	64,8,1		64,8,1		96,8,1	96,8,1		96,8,1		96,8,1	96,8,1		96,8,1		64,8,1		48,8,1		104,8,1		80,8,1		96,8,1			104,8,1	96,8,1				96,8,1		96,8,1		96,8,1	112,8,1	112,8,1	96,8,1	80,8,1	96,8,1	112,8,1	96,8,1	48,8,1	112,8,1	112,8,1	112,8,1
Minh Ph­îng B¸ V­¬ng B¶o §ao	80,8,1	64,8,1	64,8,1	96,8,1			96,8,1	96,8,1	96,8,1			96,8,1	96,8,1	96,8,1			64,8,1	64,8,1			104,8,1	120,8,1			96,8,1	104,8,1	104,8,1						96,8,1	80,8,1			96,8,1	112,8,1	112,8,1	96,8,1	80,8,1	96,8,1	112,8,1	96,8,1	48,8,1	112,8,1	112,8,1	112,8,1
Minh Ph­îng T¶n Hoa Tr­ęng KiŐm	80,8,1	64,8,1	64,8,1	96,8,1			96,8,1	96,8,1	96,8,1			96,8,1	96,8,1	96,8,1			64,8,1	64,8,1			104,8,1	120,8,1			96,8,1	104,8,1	104,8,1						96,8,1	80,8,1			96,8,1	112,8,1	112,8,1	96,8,1	80,8,1	96,8,1	112,8,1	96,8,1	48,8,1	112,8,1	112,8,1	112,8,1
Minh Ph­îng L¨ng TiŞu TriŇn Thń	80,8,1	64,8,1	64,8,1	96,8,1	64,8,1	64,8,1	96,8,1	96,8,1	96,8,1	96,8,1	96,8,1	96,8,1	96,8,1	96,8,1	96,8,1	96,8,1	64,8,1	64,8,1	48,8,1	48,8,1	104,8,1	120,8,1	80,8,1	80,8,1	96,8,1	104,8,1	104,8,1	104,8,1	96,8,1	128,8,1	96,8,1	96,8,1	96,8,1	80,8,1	96,8,1	80,8,1	96,8,1	112,8,1	112,8,1	96,8,1	80,8,1	96,8,1	112,8,1	96,8,1	48,8,1	112,8,1	112,8,1	112,8,1
Minh Ph­îng Vąn Hoa B¶o §ao	80,8,1	64,8,1	64,8,1	96,8,1			96,8,1	96,8,1	96,8,1			96,8,1	96,8,1	96,8,1			64,8,1	64,8,1			104,8,1	120,8,1			96,8,1	104,8,1	104,8,1						96,8,1	80,8,1			96,8,1	112,8,1	112,8,1	96,8,1	80,8,1	96,8,1	112,8,1	96,8,1	48,8,1	112,8,1	112,8,1	112,8,1
Minh Ph­îng Ph­¬ng Hoa Song §ao	80,8,1	64,8,1	64,8,1			64,8,1	96,8,1	96,8,1			88,8,1	96,8,1	96,8,1			96,8,1	64,8,1			48,8,1	104,8,1			80,8,1	96,8,1					128,8,1	96,8,1		96,8,1			80,8,1	96,8,1	112,8,1	112,8,1	96,8,1	80,8,1	96,8,1	112,8,1	96,8,1	48,8,1	112,8,1	112,8,1	112,8,1
Minh Ph­îng DiŞm La TriŇn Thń	80,8,1	64,8,1	64,8,1	96,8,1	64,8,1	64,8,1	96,8,1	96,8,1	96,8,1	96,8,1	96,8,1	96,8,1	96,8,1	96,8,1	96,8,1	96,8,1	64,8,1	64,8,1	48,8,1	48,8,1	104,8,1	120,8,1	80,8,1	80,8,1	96,8,1	104,8,1	104,8,1	104,8,1	96,8,1	128,8,1	96,8,1	96,8,1	96,8,1	80,8,1	96,8,1	80,8,1	96,8,1	112,8,1	112,8,1	96,8,1	80,8,1	96,8,1	112,8,1	96,8,1	48,8,1	112,8,1	112,8,1	112,8,1
Minh Ph­îng Minh V­¬ng B¶o §ao	80,8,1	64,8,1	64,8,1	96,8,1			96,8,1	96,8,1	96,8,1			96,8,1	96,8,1	96,8,1			64,8,1	64,8,1			104,8,1	120,8,1			96,8,1	104,8,1	104,8,1						96,8,1	80,8,1			96,8,1	112,8,1	112,8,1	96,8,1	80,8,1	96,8,1	112,8,1	96,8,1	48,8,1	112,8,1	112,8,1	112,8,1
Minh Ph­îng LiÔm DiÖm Phi §ao	80,8,1	64,8,1	64,8,1	96,8,1	64,8,1	64,8,1	96,8,1	96,8,1	96,8,1	96,8,1	96,8,1	96,8,1	96,8,1	96,8,1	96,8,1	96,8,1	64,8,1	64,8,1	48,8,1	48,8,1	104,8,1	120,8,1	80,8,1	80,8,1	96,8,1	104,8,1	104,8,1	104,8,1	96,8,1	128,8,1	96,8,1	96,8,1	96,8,1	80,8,1	96,8,1	80,8,1	96,8,1	112,8,1	112,8,1	96,8,1	80,8,1	96,8,1	112,8,1	96,8,1	48,8,1	112,8,1	112,8,1	112,8,1
Minh Ph­îng ThiŞn Hoang Tô TiÔn	80,8,1	64,8,1	64,8,1	96,8,1	64,8,1	64,8,1	96,8,1	96,8,1	96,8,1	96,8,1	96,8,1	96,8,1	96,8,1	96,8,1	96,8,1	96,8,1	64,8,1	64,8,1	48,8,1	48,8,1	104,8,1	120,8,1	80,8,1	80,8,1	96,8,1	104,8,1	104,8,1	104,8,1	96,8,1	128,8,1	96,8,1	96,8,1	96,8,1	80,8,1	96,8,1	80,8,1	96,8,1	112,8,1	112,8,1	96,8,1	80,8,1	96,8,1	112,8,1	96,8,1	48,8,1	112,8,1	112,8,1	112,8,1
Minh Ph­îng ThiŞn KiŞu Phi TiŞu	80,8,1	64,8,1	64,8,1	96,8,1	64,8,1	64,8,1	96,8,1	96,8,1	96,8,1	96,8,1	96,8,1	96,8,1	96,8,1	96,8,1	96,8,1	96,8,1	64,8,1	64,8,1	48,8,1	48,8,1	104,8,1	120,8,1	80,8,1	80,8,1	96,8,1	104,8,1	104,8,1	104,8,1	96,8,1	128,8,1	96,8,1	96,8,1	96,8,1	80,8,1	96,8,1	80,8,1	96,8,1	112,8,1	112,8,1	96,8,1	80,8,1	96,8,1	112,8,1	96,8,1	48,8,1	112,8,1	112,8,1	112,8,1
Minh Ph­îng ThiŐt HuyŐt TriŇn Thń	80,8,1	64,8,1	64,8,1	96,8,1	64,8,1	64,8,1	96,8,1	96,8,1	96,8,1	96,8,1	96,8,1	96,8,1	96,8,1	96,8,1	96,8,1	96,8,1	64,8,1	64,8,1	48,8,1	48,8,1	104,8,1	120,8,1	80,8,1	80,8,1	96,8,1	104,8,1	104,8,1	104,8,1	96,8,1	128,8,1	96,8,1	96,8,1	96,8,1	80,8,1	96,8,1	80,8,1	96,8,1	112,8,1	112,8,1	96,8,1	80,8,1	96,8,1	112,8,1	96,8,1	48,8,1	112,8,1	112,8,1	112,8,1
Minh Ph­îng Quang Phôc Tr­îng	80,8,1	64,8,1	64,8,1		64,8,1		96,8,1	96,8,1		96,8,1		96,8,1	96,8,1		96,8,1		64,8,1		48,8,1		104,8,1		80,8,1		96,8,1			104,8,1	96,8,1				96,8,1		96,8,1		96,8,1	112,8,1	112,8,1	96,8,1	80,8,1	96,8,1	112,8,1	96,8,1	48,8,1	112,8,1	112,8,1	112,8,1
Minh Ph­îng Dôc NhËt Th­¬ng	80,8,1	64,8,1	64,8,1		64,8,1		96,8,1	96,8,1		96,8,1		96,8,1	96,8,1		96,8,1		64,8,1		48,8,1		104,8,1		80,8,1		96,8,1			104,8,1	96,8,1				96,8,1		96,8,1		96,8,1	112,8,1	112,8,1	96,8,1	80,8,1	96,8,1	112,8,1	96,8,1	48,8,1	112,8,1	112,8,1	112,8,1
Minh Ph­îng SÝ §Ţa §ao	80,8,1	64,8,1	64,8,1	96,8,1			96,8,1	96,8,1	96,8,1			96,8,1	96,8,1	96,8,1			64,8,1	64,8,1			104,8,1	120,8,1			96,8,1	104,8,1	104,8,1						96,8,1	80,8,1			96,8,1	112,8,1	112,8,1	96,8,1	80,8,1	96,8,1	112,8,1	96,8,1	48,8,1	112,8,1	112,8,1	112,8,1
Minh Ph­îng Kh«ng Minh KiŐm	80,8,1	64,8,1	64,8,1	96,8,1			96,8,1	96,8,1	96,8,1			96,8,1	96,8,1	96,8,1			64,8,1	64,8,1			104,8,1	120,8,1			96,8,1	104,8,1	104,8,1						96,8,1	80,8,1			96,8,1	112,8,1	112,8,1	96,8,1	80,8,1	96,8,1	112,8,1	96,8,1	48,8,1	112,8,1	112,8,1	112,8,1
Minh Ph­îng Bĺng Lai KiŐm	80,8,1	64,8,1	64,8,1	96,8,1			96,8,1	96,8,1	96,8,1			96,8,1	96,8,1	96,8,1			64,8,1	64,8,1			104,8,1	120,8,1			96,8,1	104,8,1	104,8,1						96,8,1	80,8,1			96,8,1	112,8,1	112,8,1	96,8,1	80,8,1	96,8,1	112,8,1	96,8,1	48,8,1	112,8,1	112,8,1	112,8,1
Minh Ph­îng Cöu ThiŞn Hµn ThiŐt	80,8,1	64,8,1	64,8,1	96,8,1			96,8,1	96,8,1	96,8,1			96,8,1	96,8,1	96,8,1			64,8,1	64,8,1			104,8,1	120,8,1			96,8,1	104,8,1	104,8,1						96,8,1	80,8,1			96,8,1	112,8,1	112,8,1	96,8,1	80,8,1	96,8,1	112,8,1	96,8,1	48,8,1	112,8,1	112,8,1	112,8,1
Minh Ph­îng Tham Th­¬ng KiŐm	80,8,1	64,8,1	64,8,1	96,8,1			96,8,1	96,8,1	96,8,1			96,8,1	96,8,1	96,8,1			64,8,1	64,8,1			104,8,1	120,8,1			96,8,1	104,8,1	104,8,1						96,8,1	80,8,1			96,8,1	112,8,1	112,8,1	96,8,1	80,8,1	96,8,1	112,8,1	96,8,1	48,8,1	112,8,1	112,8,1	112,8,1
Tö M·ng KŐt L« KiŐm	80,8,1	64,8,1	64,8,1	96,8,1			96,8,1	96,8,1	96,8,1			96,8,1	96,8,1	96,8,1			64,8,1	64,8,1			104,8,1	120,8,1			96,8,1	104,8,1	104,8,1						96,8,1	80,8,1			96,8,1	112,8,1	112,8,1	96,8,1	80,8,1	96,8,1	112,8,1	96,8,1	48,8,1	112,8,1	112,8,1	112,8,1
Bąch Hć Tö CÇm KiŐm	80,8,1	64,8,1	64,8,1	96,8,1			96,8,1	96,8,1	96,8,1			96,8,1	96,8,1	96,8,1			64,8,1	64,8,1			104,8,1	120,8,1			96,8,1	104,8,1	104,8,1						96,8,1	80,8,1			96,8,1	112,8,1	112,8,1	96,8,1	80,8,1	96,8,1	112,8,1	96,8,1	48,8,1	112,8,1	112,8,1	112,8,1
Minh Ph­îng Trąm Vň KiŐm	80,8,1	64,8,1	64,8,1	96,8,1			96,8,1	96,8,1	96,8,1			96,8,1	96,8,1	96,8,1			64,8,1	64,8,1			104,8,1	120,8,1			96,8,1	104,8,1	104,8,1						96,8,1	80,8,1			96,8,1	112,8,1	112,8,1	96,8,1	80,8,1	96,8,1	112,8,1	96,8,1	48,8,1	112,8,1	112,8,1	112,8,1
§»ng Long Bĺ §Ň TriŇn Thń																																																
§»ng Long Nh­ Lai Ph¸p C«n 																																																
§»ng Long V« L­îng Giíi §ao																																																
§»ng Long Khai ThiŞn ThÇn Chďy	80,1,1	64,1,1	64,8,1		64,8,1	64,8,1	96,8,1	96,8,1		96,8,1	96,8,1	96,8,1	96,8,1			96,1,1	64,8,1			48,1,1	104,8,1			80,1,1	96,8,1					128,1,1	96,1,1		96,8,1			48,1,1	96,8,1	112,8,1	112,1,1	96,1,1	80,1,1	96,1,1	112,1,1	96,1,1	48,1,1	112,1,1	112,1,1	112,1,1
§»ng Long TŢch §Ţa Th­¬ng	80,8,56	64,8,56	64,8,1		64,8,1	64,8,1	96,8,1	96,8,1		96,8,1	96,8,1	96,8,1	96,8,1		96,8,56		64,8,1		48,8,56		104,8,1				96,8,1			104,8,56	96,8,56				96,8,1		96,8,56		96,8,1	112,8,1	112,8,56	96,8,56	80,8,56	96,8,56	112,8,56	96,8,56	48,8,56		112,8,56	112,8,56
§»ng Long Hçn NguyŞn B¶o §ao	80,8,1	64,8,1	64,8,1	192,8,1	64,8,1	64,8,1	96,8,1	96,8,1	96,8,1	96,8,1	96,8,1	96,8,1	96,8,1	96,8,1			64,8,1	64,8,1			104,8,1	120,8,1			96,8,1	104,8,1	104,8,1						96,8,1	80,8,1			96,8,1	112,8,1	112,8,1	96,8,1	80,8,1	96,8,1	112,8,1	96,8,1	48,8,1	112,8,1	112,8,1	112,8,1
§»ng Long Phi ThiŞn Tr­ęng KiŐm	80,8,1	64,8,1	64,8,1	96,8,1	64,8,1	64,8,1	96,8,1	96,8,1	96,8,1	96,8,1	96,8,1	96,8,1	96,8,1	96,8,1			64,8,1	64,8,1			104,8,1				96,8,1	104,8,1	104,8,1						96,8,1	80,8,1			96,8,1	112,8,1	112,8,1	96,8,1	80,1,1	96,8,1	112,8,1	96,8,1	48,8,1	112,8,1	112,8,1	112,8,1
§»ng Long B¨ng Ph¸ch TriŇn Thń	80,1,1	64,1,1	64,8,1		64,8,1	64,8,1	96,8,1	96,8,1		96,8,1	96,8,1	96,8,1	96,8,1				64,8,1				104,8,1				96,8,1								96,8,1				96,8,1	112,8,1	112,1,1	96,1,1	80,1,1	96,1,1	112,1,1	96,1,1	48,1,1	112,1,1	112,1,1	112,1,1
§»ng Long Khuynh Thµnh B¶o §ao	80,8,1	64,8,1	64,8,1	96,8,1	64,8,1	64,8,1	96,8,1	96,8,1	96,8,1	96,8,1	96,8,1	96,8,1	96,8,1	96,8,1			64,8,1	64,8,1			104,8,1				96,8,1	104,8,1	104,8,1						96,8,1	80,8,1			96,8,1	112,8,1	104,8,1	96,8,1	80,8,1	96,8,1	112,8,1	96,8,1	48,8,1	112,8,1	104,8,1	104,8,1
§»ng Long B¸ch H­¬ng UyŞn ¦¬ng §ao	80,1,1	64,1,1	64,8,1		64,8,1	64,8,1	96,8,1	96,8,1		96,8,1	96,8,1	96,8,1	96,8,1			96,1,1	64,8,1			48,1,1	104,8,1			80,1,1	96,8,1					128,1,1	96,1,1		96,8,1			80,1,1	96,8,1	112,8,1	112,1,1	96,1,1	80,1,1	96,1,1	112,1,1	96,1,1	48,1,1	112,1,1	112,1,1	112,1,1
§»ng Long Vąn §éc TriŇn Thń	80,1,1	64,1,1	64,8,1		64,8,1	64,8,1	96,8,1	96,8,1		96,8,1	96,8,1	96,8,1	96,8,1				64,8,1				104,8,1				96,8,1								96,8,1				96,8,1	112,8,1	112,1,1	96,1,1	80,1,1	96,1,1	112,1,1	96,1,1	48,1,1	112,1,1	112,1,1	112,1,1
§»ng Long Vąn Linh HuyŐt NhÉn	80,8,1	64,8,1	64,8,1	96,8,1	64,8,1	64,8,1	96,8,1	96,8,1	96,8,1	96,8,1	96,8,1	96,8,1	96,8,1	96,8,1			64,8,1	64,8,1			104,8,1	120,8,1			96,8,1	104,8,1	104,8,1						96,8,1	80,8,1			96,8,1	112,8,1	112,8,1	96,8,1	80,8,1	96,8,1	112,8,1	96,8,1	48,8,1	104,8,1	112,8,1	112,8,1
§»ng Long Hçn §én Phi §ao	80,1,1	64,1,1	64,8,1		64,8,1	64,8,1	96,8,1	96,8,1		96,8,1	96,8,1	96,8,1	96,8,1				64,8,1				104,8,1				96,8,1								96,8,1				96,8,1	112,8,1	112,1,1	96,1,1	80,1,1	96,1,1	112,1,1	96,1,1	48,1,1	112,1,1	112,1,1	112,1,1
§»ng Long ThÝ ThÇn Tô TiÔn	80,1,1	64,1,1	64,8,1		64,8,1	64,8,1	96,8,1	96,8,1		96,8,1	96,8,1	96,8,1	96,8,1				64,8,1				104,8,1				96,8,1								96,8,1				96,8,1	112,8,1	112,1,1	96,1,1	80,1,1	96,1,1	112,1,1	96,1,1	48,1,1	112,1,1	112,1,1	112,1,1
§»ng Long Phong Bąo Phi TiŞu	80,1,1	64,1,1	64,8,1		64,8,1	64,8,1	96,8,1	96,8,1		96,8,1	96,8,1	96,8,1	96,8,1				64,8,1				104,8,1				96,8,1								96,8,1				96,8,1	112,8,1	112,1,1	96,1,1	80,1,1	96,1,1	112,1,1	96,1,1	48,1,1	112,1,1	112,1,1	112,1,1
§»ng Long Hµo T×nh TriŇn Thń	80,1,1	64,1,1	64,8,1		64,8,1	64,8,1	96,8,1	96,8,1		96,8,1	96,8,1	96,8,1	96,8,1				64,8,1				104,8,1				96,8,1								96,8,1				96,8,1	112,8,1	112,1,1	96,1,1	80,1,1	96,1,1	112,1,1	96,1,1	48,1,1	112,1,1	112,1,1	112,1,1
§»ng Long Tô NghÜa Tr­îng	80,8,56	64,8,56	64,8,1		64,8,56	64,8,1	96,8,1	96,8,1		96,8,56	96,8,1	96,8,1	96,8,1		96,8,56		64,8,1		48,8,56		104,8,1				96,8,1			104,8,56	96,8,56				96,8,1		96,8,56		96,8,1	112,8,1	112,1,56	96,8,56	80,8,56	96,8,56	112,8,56	96,8,56	48,8,56		112,1,56	112,1,56
§»ng Long ViŞm Hoµng Th­¬ng	80,8,56	64,8,56	64,8,1		64,8,56	64,8,1	96,8,1	96,8,1		96,8,56	96,8,1	96,8,1	96,8,1		96,8,56		64,8,1		48,8,56		104,8,1				96,8,1			104,8,56	96,8,56				96,8,1		96,8,56		96,8,1	112,8,1	112,8,56	96,8,56	80,8,56	96,8,56	112,8,56	96,8,56	48,8,56		112,8,56	112,8,56
§»ng Long PhÇn ThiŞn B¶o §ao	80,8,1	64,8,1	64,8,1	96,8,1	64,8,1	64,8,1	96,8,1	96,8,1	96,8,1	96,8,1	96,8,1	96,8,1	96,8,1	96,8,1			64,8,1	64,8,1			104,8,1	224,8,1			96,8,1	104,8,1	104,8,1						96,8,1	80,8,1			96,8,1	112,8,1	112,8,1	96,8,1	80,8,1	96,8,1	112,8,1	96,8,1	48,8,1	112,8,1	112,8,1	112,8,1
§»ng Long Ngäc H­ ThÇn KiŐm	80,8,1	64,8,1	64,8,1	96,1,1	64,8,1	64,8,1	96,8,1	96,8,1	96,8,1	96,8,1	96,8,1	96,8,1	96,8,1	96,8,1			64,8,1	64,8,1			104,8,1	120,8,1			96,8,1	104,8,1	104,8,1						96,8,1	80,8,1			96,8,1	112,8,1	112,8,1	96,8,1	80,8,1	96,8,1	112,8,1	96,8,1	48,8,1	112,8,1	112,8,1	112,8,1
§»ng Long HuyŇn ThiŞn ThÇn KiŐm	80,8,1	64,8,1	64,8,1	96,8,1	64,8,1	64,8,1	96,8,1	96,8,1	96,8,1	96,8,1	96,8,1	96,8,1	96,8,1	96,8,1			64,8,1	64,8,1			104,8,1	120,8,1			96,8,1	104,8,1	104,8,1						96,8,1	80,8,1			96,8,1	112,8,1	112,8,1	96,8,1	80,8,1	96,8,1	112,8,1	96,8,1	48,8,1	112,8,1	112,8,1	112,8,1
§»ng Long Ph­¬ng NguyŞn B¶o §ao	80,8,1	64,8,1	64,8,1	96,1,1	64,8,1	64,8,1	96,8,1	96,8,1	96,8,1	96,8,1	96,8,1	96,8,1	96,8,1	96,8,1			64,8,1	64,8,1			104,8,1	120,8,1			96,8,1	104,8,1	104,8,1						96,8,1	80,8,1			96,8,1	112,8,1	112,8,1	96,8,1	80,8,1	96,8,1	112,8,1	96,8,1	48,8,1	112,8,1	112,8,1	112,8,1
§»ng Long Th­¬ng Khung ThÇn KiŐm	80,8,1	64,8,1	64,8,1	96,8,1	64,8,1	64,8,1	96,8,1	96,8,1	96,8,1	96,8,1	96,8,1	96,8,1	96,8,1	96,8,1			64,8,1	64,8,1			104,8,1	120,8,1			96,8,1	104,8,1	104,8,1						96,8,1	80,8,1			96,8,1	112,8,1	112,8,1	96,8,1	80,8,1	96,8,1	112,8,1	96,8,1	48,8,1	112,8,1	112,8,1	112,8,1
§»ng Long Tč Du KiŐm	80,8,1	64,8,1	64,8,1	96,8,1	64,8,1	64,8,1	96,8,1	96,8,1	96,8,1	96,8,1	96,8,1	96,8,1	96,8,1	96,8,1			64,8,1	64,8,1			104,8,1				96,8,1	104,8,1	104,8,1						96,8,1	80,8,1			96,8,1	112,8,1	112,8,1	96,8,1	80,8,1	104,8,1	120,8,1	96,8,1	48,8,1	112,8,1	112,8,1	112,8,1
§»ng Long Y Thńy KiŐm	80,8,1	64,8,1	64,8,1	96,8,1	64,8,1	64,8,1	96,8,1	96,8,1	96,8,1	96,8,1	96,8,1	96,8,1	96,8,1	96,8,1			64,8,1	64,8,1			104,8,1				96,8,1	104,8,1	104,8,1						96,8,1	80,8,1			96,8,1	112,8,1	112,8,1	96,8,1	80,8,1	104,8,1	120,8,1	96,8,1	48,8,1	112,8,1	112,8,1	112,8,1
Tinh S­¬ng-Khć §Ő TriŇn Thń																																																
Tinh S­¬ng-DiÖt §Ő Ph¸p C«n																																																
Tinh S­¬ng-§ąo §Ő Giíi §ao																																																
Tinh S­¬ng-Th«n Tµ ThÇn Chďy	80,8,1	64,8,1				64,8,1					88,8,1					96,8,1				48,8,1				80,8,1						128,8,1	96,8,1					80,8,1			112,8,1	96,8,1	80,8,1	96,8,1	112,8,1	96,8,1	48,8,1	112,8,1	112,8,1	112,8,1
Tinh S­¬ng-L­u Kim Th­¬ng	80,8,1	64,8,1			64,8,1					96,8,1					96,8,1				48,8,1				80,8,1					104,8,1	96,8,1						96,8,1				112,8,1	96,8,1	80,8,1	96,8,1	112,8,1	96,8,1	48,8,1	112,8,1	112,8,1	112,8,1
Tinh S­¬ng-L÷ S­¬ng B¶o §ao	80,8,1	64,8,1		96,8,1					96,8,1					96,8,1				64,8,1				120,8,1				104,8,1	104,8,1							80,8,1					112,8,1	96,8,1	80,8,1	96,8,1	112,8,1	96,8,1	48,8,1	112,8,1	112,8,1	112,8,1
Tinh S­¬ng-Ląc Anh B¶o KiŐm	80,8,1	64,8,1		96,8,1					96,8,1					96,8,1				64,8,1				120,8,1				104,8,1	104,8,1							80,8,1					112,8,1	96,8,1	80,8,1	96,8,1	112,8,1	96,8,1	48,8,1	112,8,1	112,8,1	112,8,1
Tinh S­¬ng-PhĘt HuyÖt TriŇn Thń	80,8,1	64,8,1	64,8,1	96,8,1	64,8,1	64,8,1	96,8,1	96,8,1	96,8,1	96,8,1	96,8,1	96,8,1	96,8,1	96,8,1	96,8,1	96,8,1	64,8,1	64,8,1	48,8,1	48,8,1	104,8,1	120,8,1	80,8,1	80,8,1	96,8,1	104,8,1	104,8,1	104,8,1	96,8,1	128,8,1	96,8,1	96,8,1	96,8,1	80,8,1	96,8,1	80,8,1	96,8,1	112,8,1	112,8,1	96,8,1	80,8,1	96,8,1	112,8,1	96,8,1	48,8,1	112,8,1	112,8,1	112,8,1
Tinh S­¬ng-ThiŞn H­¬ng B¶o §ao	80,8,1	64,8,1		96,8,1					96,8,1					96,8,1				64,8,1				120,8,1				104,8,1	104,8,1							80,8,1					112,8,1	96,8,1	80,8,1	96,8,1	112,8,1	96,8,1	48,8,1	112,8,1	112,8,1	112,8,1
Tinh S­¬ng-Th¸i VËn UyŞn ¦¬ng §ao	80,8,1	64,8,1				64,8,1					88,8,1					96,8,1				48,8,1				80,8,1						128,8,1	96,8,1					80,8,1			112,8,1	96,8,1	80,8,1	96,8,1	112,8,1	96,8,1	48,8,1	112,8,1	112,8,1	112,8,1
Tinh S­¬ng-ThiŇm Phi TriŇn Thń	80,8,1	64,8,1	64,8,1	96,8,1	64,8,1	64,8,1	96,8,1	96,8,1	96,8,1	96,8,1	96,8,1	96,8,1	96,8,1	96,8,1	96,8,1	96,8,1	64,8,1	64,8,1	48,8,1	48,8,1	104,8,1	120,8,1	80,8,1	80,8,1	96,8,1	104,8,1	104,8,1	104,8,1	96,8,1	128,8,1	96,8,1	96,8,1	96,8,1	80,8,1	96,8,1	80,8,1	96,8,1	112,8,1	112,8,1	96,8,1	80,8,1	96,8,1	112,8,1	96,8,1	48,8,1	112,8,1	112,8,1	112,8,1
Tinh S­¬ng-Phô Cčt HuyŐt NhËn	80,8,1	64,8,1		96,8,1					96,8,1					96,8,1				64,8,1				120,8,1				104,8,1	104,8,1							80,8,1					112,8,1	96,8,1	80,8,1	96,8,1	112,8,1	96,8,1	48,8,1	112,8,1	112,8,1	112,8,1
Tinh S­¬ng-L·nh HuyŐt Phi §ao	80,8,1	64,8,1	64,8,1	96,8,1	64,8,1	64,8,1	96,8,1	96,8,1	96,8,1	96,8,1	96,8,1	96,8,1	96,8,1	96,8,1	96,8,1	96,8,1	64,8,1	64,8,1	48,8,1	48,8,1	104,8,1	120,8,1	80,8,1	80,8,1	96,8,1	104,8,1	104,8,1	104,8,1	96,8,1	128,8,1	96,8,1	96,8,1	96,8,1	80,8,1	96,8,1	80,8,1	96,8,1	112,8,1	112,8,1	96,8,1	80,8,1	96,8,1	112,8,1	96,8,1	48,8,1	112,8,1	112,8,1	112,8,1
Tinh S­¬ng-Né LiŞn Tô TiÔn	80,8,1	64,8,1	64,8,1	96,8,1	64,8,1	64,8,1	96,8,1	96,8,1	96,8,1	96,8,1	96,8,1	96,8,1	96,8,1	96,8,1	96,8,1	96,8,1	64,8,1	64,8,1	48,8,1	48,8,1	104,8,1	120,8,1	80,8,1	80,8,1	96,8,1	104,8,1	104,8,1	104,8,1	96,8,1	128,8,1	96,8,1	96,8,1	96,8,1	80,8,1	96,8,1	80,8,1	96,8,1	112,8,1	112,8,1	96,8,1	80,8,1	96,8,1	112,8,1	96,8,1	48,8,1	112,8,1	112,8,1	112,8,1
Tinh S­¬ng-Truy MÖnh Phi TiŞu	80,8,1	64,8,1	64,8,1	96,8,1	64,8,1	64,8,1	96,8,1	96,8,1	96,8,1	96,8,1	96,8,1	96,8,1	96,8,1	96,8,1	96,8,1	96,8,1	64,8,1	64,8,1	48,8,1	48,8,1	104,8,1	120,8,1	80,8,1	80,8,1	96,8,1	104,8,1	104,8,1	104,8,1	96,8,1	128,8,1	96,8,1	96,8,1	96,8,1	80,8,1	96,8,1	80,8,1	96,8,1	112,8,1	112,8,1	96,8,1	80,8,1	96,8,1	112,8,1	96,8,1	48,8,1	112,8,1	112,8,1	112,8,1
Tinh S­¬ng-M·nh Long TriŇn Thń	80,8,1	64,8,1	64,8,1	96,8,1	64,8,1	64,8,1	96,8,1	96,8,1	96,8,1	96,8,1	96,8,1	96,8,1	96,8,1	96,8,1	96,8,1	96,8,1	64,8,1	64,8,1	48,8,1	48,8,1	104,8,1	120,8,1	80,8,1	80,8,1	96,8,1	104,8,1	104,8,1	104,8,1	96,8,1	128,8,1	96,8,1	96,8,1	96,8,1	80,8,1	96,8,1	80,8,1	96,8,1	112,8,1	112,8,1	96,8,1	80,8,1	96,8,1	112,8,1	96,8,1	48,8,1	112,8,1	112,8,1	112,8,1
Tinh S­¬ng-Ph¸ Lç Tr­îng	80,8,1	64,8,1			64,8,1					96,8,1					96,8,1				48,8,1				80,8,1					104,8,1	96,8,1						96,8,1				112,8,1	96,8,1	80,8,1	96,8,1	112,8,1	96,8,1	48,8,1	112,8,1	112,8,1	112,8,1
Tinh S­¬ng-LuyÖn NhËt Th­¬ng	80,8,1	64,8,1			64,8,1					96,8,1					96,8,1				48,8,1				80,8,1					104,8,1	96,8,1						96,8,1				112,8,1	96,8,1	80,8,1	96,8,1	112,8,1	96,8,1	48,8,1	112,8,1	112,8,1	112,8,1
Tinh S­¬ng-Khčc ViŞm B¶o §ao	80,8,1	64,8,1		96,8,1					96,8,1					96,8,1				64,8,1				120,8,1				104,8,1	104,8,1							80,8,1					112,8,1	96,8,1	80,8,1	96,8,1	112,8,1	96,8,1	48,8,1	112,8,1	112,8,1	112,8,1
Tinh S­¬ng-ChĘn S¬n ThÇn KiŐm	80,8,1	64,8,1		96,8,1					96,8,1					96,8,1				64,8,1				120,8,1				104,8,1	104,8,1							80,8,1					112,8,1	96,8,1	80,8,1	96,8,1	112,8,1	96,8,1	48,8,1	112,8,1	112,8,1	112,8,1
Tinh S­¬ng-Qu©n Uy ThÇn KiŐm	80,8,1	64,8,1		96,8,1					96,8,1					96,8,1				64,8,1				120,8,1				104,8,1	104,8,1							80,8,1					112,8,1	96,8,1	80,8,1	96,8,1	112,8,1	96,8,1	48,8,1	112,8,1	112,8,1	112,8,1
Tinh S­¬ng-Minh L«i B¶o §ao	80,8,1	64,8,1		96,8,1					96,8,1					96,8,1				64,8,1				120,8,1				104,8,1	104,8,1							80,8,1					112,8,1	96,8,1	80,8,1	96,8,1	112,8,1	96,8,1	48,8,1	112,8,1	112,8,1	112,8,1
Tinh S­¬ng-Oanh Minh ThÇn KiŐm	80,8,1	64,8,1		96,8,1					96,8,1					96,8,1				64,8,1				120,8,1				104,8,1	104,8,1							80,8,1					112,8,1	96,8,1	80,8,1	96,8,1	112,8,1	96,8,1	48,8,1	112,8,1	112,8,1	112,8,1
Tinh S­¬ng-Hąo ThiŞn KiŐm	80,8,1	64,8,1		96,8,1					96,8,1					96,8,1				64,8,1				120,8,1				104,8,1	104,8,1							80,8,1					112,8,1	96,8,1	80,8,1	96,8,1	112,8,1	96,8,1	48,8,1	112,8,1	112,8,1	112,8,1
Tinh S­¬ng-Thanh H­ KiŐm	80,8,1	64,8,1		96,8,1					96,8,1					96,8,1				64,8,1				120,8,1				104,8,1	104,8,1							80,8,1					112,8,1	96,8,1	80,8,1	96,8,1	112,8,1	96,8,1	48,8,1	112,8,1	112,8,1	112,8,1
NguyÖt KhuyŐt Träng KiŐp TriŇn Thń																																																
NguyÖt KhuyŐt S¸t KiŐp Ph¸p C«n																																																
NguyÖt KhuyŐt Ph¸ KiŐp Giíi §ao																																																
NguyÖt KhuyŐt PhĘn Vň ThÇn Chďy	80,8,1	64,8,1				64,8,1					88,8,1					96,8,1				48,8,1				80,8,1						128,8,1	96,8,1					80,8,1			112,8,1	96,8,1	80,8,1	96,8,1	112,8,1	96,8,1	48,8,1	112,8,1	112,8,1	112,8,1
NguyÖt KhuyŐt Phong YŞn  Th­¬ng	80,8,1	64,8,1			64,8,1					96,8,1					96,8,1				48,8,1				80,8,1					104,8,1	96,8,1						96,8,1				112,8,1	96,8,1	80,8,1	96,8,1	112,8,1	96,8,1	48,8,1	112,8,1	112,8,1	112,8,1
NguyÖt KhuyŐt Tr­ęng Kh«ng B¶o §ao	80,8,1	64,8,1		96,8,1					96,8,1					96,8,1				64,8,1				120,8,1				104,8,1	104,8,1							80,8,1					112,8,1	96,8,1	80,8,1	96,8,1	112,8,1	96,8,1	48,8,1	112,8,1	112,8,1	112,8,1
NguyÖt KhuyŐt Kinh Hĺng B¶o KiŐm	80,8,1	64,8,1		96,8,1					96,8,1					96,8,1				64,8,1				120,8,1				104,8,1	104,8,1							80,8,1					112,8,1	96,8,1	80,8,1	96,8,1	112,8,1	96,8,1	48,8,1	112,8,1	112,8,1	112,8,1
NguyÖt KhuyŐt HiÓu NguyÖt TriŇn Thń	80,8,1	64,8,1	64,8,1	96,8,1	64,8,1	64,8,1	96,8,1	96,8,1	96,8,1	96,8,1	96,8,1	96,8,1	96,8,1	96,8,1	96,8,1	96,8,1	64,8,1	64,8,1	48,8,1	48,8,1	104,8,1	120,8,1	80,8,1	80,8,1	96,8,1	104,8,1	104,8,1	104,8,1	96,8,1	128,8,1	96,8,1	96,8,1	96,8,1	80,8,1	96,8,1	80,8,1	96,8,1	112,8,1	112,8,1	96,8,1	80,8,1	96,8,1	112,8,1	96,8,1	48,8,1	112,8,1	112,8,1	112,8,1
NguyÖt KhuyŐt T­¬ng T­ B¶o §ao	80,8,1	64,8,1		96,8,1					96,8,1					96,8,1				64,8,1				120,8,1				104,8,1	104,8,1							80,8,1					112,8,1	96,8,1	80,8,1	96,8,1	112,8,1	96,8,1	48,8,1	112,8,1	112,8,1	112,8,1
NguyÖt KhuyŐt Phong NguyÖt UyŞn ¦¬ng §ao	80,8,1	64,8,1				64,8,1					88,8,1					96,8,1				48,8,1				80,8,1						128,8,1	96,8,1					80,8,1			112,8,1	96,8,1	80,8,1	96,8,1	112,8,1	96,8,1	48,8,1	112,8,1	112,8,1	112,8,1
NguyÖt KhuyŐt B¸ch §éc TriŇn Thń	80,8,1	64,8,1	64,8,1	96,8,1	64,8,1	64,8,1	96,8,1	96,8,1	96,8,1	96,8,1	96,8,1	96,8,1	96,8,1	96,8,1	96,8,1	96,8,1	64,8,1	64,8,1	48,8,1	48,8,1	104,8,1	120,8,1	80,8,1	80,8,1	96,8,1	104,8,1	104,8,1	104,8,1	96,8,1	128,8,1	96,8,1	96,8,1	96,8,1	80,8,1	96,8,1	80,8,1	96,8,1	112,8,1	112,8,1	96,8,1	80,8,1	96,8,1	112,8,1	96,8,1	48,8,1	112,8,1	112,8,1	112,8,1
NguyÖt KhuyŐt U Minh HuyŐt NhÉn	80,8,1	64,8,1		96,8,1					96,8,1					96,8,1				64,8,1				120,8,1				104,8,1	104,8,1							80,8,1					112,8,1	96,8,1	80,8,1	96,8,1	112,8,1	96,8,1	48,8,1	112,8,1	112,8,1	112,8,1
NguyÖt KhuyŐt Th«i MÖnh Phi §ao	80,8,1	64,8,1	64,8,1	96,8,1	64,8,1	64,8,1	96,8,1	96,8,1	96,8,1	96,8,1	96,8,1	96,8,1	96,8,1	96,8,1	96,8,1	96,8,1	64,8,1	64,8,1	48,8,1	48,8,1	104,8,1	120,8,1	80,8,1	80,8,1	96,8,1	104,8,1	104,8,1	104,8,1	96,8,1	128,8,1	96,8,1	96,8,1	96,8,1	80,8,1	96,8,1	80,8,1	96,8,1	112,8,1	112,8,1	96,8,1	80,8,1	96,8,1	112,8,1	96,8,1	48,8,1	112,8,1	112,8,1	112,8,1
NguyÖt KhuyŐt BÝ §éc Tô TiÔn	80,8,1	64,8,1	64,8,1	96,8,1	64,8,1	64,8,1	96,8,1	96,8,1	96,8,1	96,8,1	96,8,1	96,8,1	96,8,1	96,8,1	96,8,1	96,8,1	64,8,1	64,8,1	48,8,1	48,8,1	104,8,1	120,8,1	80,8,1	80,8,1	96,8,1	104,8,1	104,8,1	104,8,1	96,8,1	128,8,1	96,8,1	96,8,1	96,8,1	80,8,1	96,8,1	80,8,1	96,8,1	112,8,1	112,8,1	96,8,1	80,8,1	96,8,1	112,8,1	96,8,1	48,8,1	112,8,1	112,8,1	112,8,1
NguyÖt KhuyŐt Mąn §ĺ Phi TiŞu	80,8,1	64,8,1	64,8,1	96,8,1	64,8,1	64,8,1	96,8,1	96,8,1	96,8,1	96,8,1	96,8,1	96,8,1	96,8,1	96,8,1	96,8,1	96,8,1	64,8,1	64,8,1	48,8,1	48,8,1	104,8,1	120,8,1	80,8,1	80,8,1	96,8,1	104,8,1	104,8,1	104,8,1	96,8,1	128,8,1	96,8,1	96,8,1	96,8,1	80,8,1	96,8,1	80,8,1	96,8,1	112,8,1	112,8,1	96,8,1	80,8,1	96,8,1	112,8,1	96,8,1	48,8,1	112,8,1	112,8,1	112,8,1
NguyÖt KhuyŐt XÝch Long TriŇn Thń	80,8,1	64,8,1	64,8,1	96,8,1	64,8,1	64,8,1	96,8,1	96,8,1	96,8,1	96,8,1	96,8,1	96,8,1	96,8,1	96,8,1	96,8,1	96,8,1	64,8,1	64,8,1	48,8,1	48,8,1	104,8,1	120,8,1	80,8,1	80,8,1	96,8,1	104,8,1	104,8,1	104,8,1	96,8,1	128,8,1	96,8,1	96,8,1	96,8,1	80,8,1	96,8,1	80,8,1	96,8,1	112,8,1	112,8,1	96,8,1	80,8,1	96,8,1	112,8,1	96,8,1	48,8,1	112,8,1	112,8,1	112,8,1
NguyÖt KhuyŐt Hµo KiÖt Tr­îng	80,8,1	64,8,1			64,8,1					96,8,1					96,8,1				48,8,1				80,8,1					104,8,1	96,8,1						96,8,1				112,8,1	96,8,1	80,8,1	96,8,1	112,8,1	96,8,1	48,8,1	112,8,1	112,8,1	112,8,1
NguyÖt KhuyŐt Tham Lang Th­¬ng	80,8,1	64,8,1			64,8,1					96,8,1					96,8,1				48,8,1				80,8,1					104,8,1	96,8,1						96,8,1				112,8,1	96,8,1	80,8,1	96,8,1	112,8,1	96,8,1	48,8,1	112,8,1	112,8,1	112,8,1
NguyÖt KhuyŐt LiÖt D­¬ng B¶o §ao	80,8,1	64,8,1		96,8,1					96,8,1					96,8,1				64,8,1				120,8,1				104,8,1	104,8,1							80,8,1					112,8,1	96,8,1	80,8,1	96,8,1	112,8,1	96,8,1	48,8,1	112,8,1	112,8,1	112,8,1
NguyÖt KhuyŐt Linh §éng ThÇn KiŐm	80,8,1	64,8,1		96,8,1					96,8,1					96,8,1				64,8,1				120,8,1				104,8,1	104,8,1							80,8,1					112,8,1	96,8,1	80,8,1	96,8,1	112,8,1	96,8,1	48,8,1	112,8,1	112,8,1	112,8,1
NguyÖt KhuyŐt ¶o ¶nh ThÇn KiŐm	80,8,1	64,8,1		96,8,1					96,8,1					96,8,1				64,8,1				120,8,1				104,8,1	104,8,1							80,8,1					112,8,1	96,8,1	80,8,1	96,8,1	112,8,1	96,8,1	48,8,1	112,8,1	112,8,1	112,8,1
NguyÖt KhuyŐt L¨ng Phong B¶o §ao	80,8,1	64,8,1		96,8,1					96,8,1					96,8,1				64,8,1				120,8,1				104,8,1	104,8,1							80,8,1					112,8,1	96,8,1	80,8,1	96,8,1	112,8,1	96,8,1	48,8,1	112,8,1	112,8,1	112,8,1
NguyÖt KhuyŐt Méc Vň ThÇn KiŐm	80,8,1	64,8,1		96,8,1					96,8,1					96,8,1				64,8,1				120,8,1				104,8,1	104,8,1							80,8,1					112,8,1	96,8,1	80,8,1	96,8,1	112,8,1	96,8,1	48,8,1	112,8,1	112,8,1	112,8,1
NguyÖt KhuyŐt DËt ¶nh KiŐm	80,8,1	64,8,1		96,8,1					96,8,1					96,8,1				64,8,1				120,8,1				104,8,1	104,8,1							80,8,1					112,8,1	96,8,1	80,8,1	96,8,1	112,8,1	96,8,1	48,8,1	112,8,1	112,8,1	112,8,1
NguyÖt KhuyŐt Thanh Phong KiŐm	80,8,1	64,8,1		96,8,1					96,8,1					96,8,1				64,8,1				120,8,1				104,8,1	104,8,1							80,8,1					112,8,1	96,8,1	80,8,1	96,8,1	112,8,1	96,8,1	48,8,1	112,8,1	112,8,1	112,8,1
DiÖu D­¬ng Méng Long TriŇn Thń																																																
DiÖu D­¬ng Phôc Ma Ph¸p C«n																																																
DiÖu D­¬ng T­ Kh«ng Giíi §ao																																																
DiÖu D­¬ng H¸m ThiŞn ThÇn Chďy	80,8,1	64,8,1				64,8,1					88,8,1					96,8,1				48,8,1				80,8,1						128,8,1	96,8,1					80,8,1			112,8,1	96,8,1	80,8,1	96,8,1	112,8,1	96,8,1	48,8,1	112,8,1	112,8,1	112,8,1
DiÖu D­¬ng KŐ NghiÖp Th­¬ng	80,8,1	64,8,1			64,8,1					96,8,1					96,8,1				48,8,1				80,8,1					104,8,1	96,8,1						96,8,1				112,8,1	96,8,1	80,8,1	96,8,1	112,8,1	96,8,1	48,8,1	112,8,1	112,8,1	112,8,1
DiÖu D­¬ng Ngů Long B¶o §ao	80,8,1	64,8,1		96,8,1					96,8,1					96,8,1				64,8,1				120,8,1				104,8,1	104,8,1							80,8,1					112,8,1	96,8,1	80,8,1	96,8,1	112,8,1	96,8,1	48,8,1	112,8,1	112,8,1	112,8,1
DiÖu D­¬ng V« Gian B¶o KiŐm	80,8,1	64,8,1		96,8,1					96,8,1					96,8,1				64,8,1				120,8,1				104,8,1	104,8,1							80,8,1					112,8,1	96,8,1	80,8,1	96,8,1	112,8,1	96,8,1	48,8,1	112,8,1	112,8,1	112,8,1
DiÖu D­¬ng V« Ma TriŇn Thń	80,8,1	64,8,1	64,8,1	96,8,1	64,8,1	64,8,1	96,8,1	96,8,1	96,8,1	96,8,1	96,8,1	96,8,1	96,8,1	96,8,1	96,8,1	96,8,1	64,8,1	64,8,1	48,8,1	48,8,1	104,8,1	120,8,1	80,8,1	80,8,1	96,8,1	104,8,1	104,8,1	104,8,1	96,8,1	128,8,1	96,8,1	96,8,1	96,8,1	80,8,1	96,8,1	80,8,1	96,8,1	112,8,1	112,8,1	96,8,1	80,8,1	96,8,1	112,8,1	96,8,1	48,8,1	112,8,1	112,8,1	112,8,1
DiÖu D­¬ng TŞ Hoµng B¶o §ao	80,8,1	64,8,1		96,8,1					96,8,1					96,8,1				64,8,1				120,8,1				104,8,1	104,8,1							80,8,1					112,8,1	96,8,1	80,8,1	96,8,1	112,8,1	96,8,1	48,8,1	112,8,1	112,8,1	112,8,1
DiÖu D­¬ng BÝch H¶i UyŞn ¦¬ng §ao	80,8,1	64,8,1				64,8,1					88,8,1					96,8,1				48,8,1				80,8,1						128,8,1	96,8,1					80,8,1			112,8,1	96,8,1	80,8,1	96,8,1	112,8,1	96,8,1	48,8,1	112,8,1	112,8,1	112,8,1
DiÖu D­¬ng U Lung TriŇn Thń	80,8,1	64,8,1	64,8,1	96,8,1	64,8,1	64,8,1	96,8,1	96,8,1	96,8,1	96,8,1	96,8,1	96,8,1	96,8,1	96,8,1	96,8,1	96,8,1	64,8,1	64,8,1	48,8,1	48,8,1	104,8,1	120,8,1	80,8,1	80,8,1	96,8,1	104,8,1	104,8,1	104,8,1	96,8,1	128,8,1	96,8,1	96,8,1	96,8,1	80,8,1	96,8,1	80,8,1	96,8,1	112,8,1	112,8,1	96,8,1	80,8,1	96,8,1	112,8,1	96,8,1	48,8,1	112,8,1	112,8,1	112,8,1
DiÖu D­¬ng Minh ¶o HuyŐt NhËn	80,8,1	64,8,1		96,8,1					96,8,1					96,8,1				64,8,1				120,8,1				104,8,1	104,8,1							80,8,1					112,8,1	96,8,1	80,8,1	96,8,1	112,8,1	96,8,1	48,8,1	112,8,1	112,8,1	112,8,1
DiÖu D­¬ng B¨ng Hµn Phi §ao	80,8,1	64,8,1	64,8,1	96,8,1	64,8,1	64,8,1	96,8,1	96,8,1	96,8,1	96,8,1	96,8,1	96,8,1	96,8,1	96,8,1	96,8,1	96,8,1	64,8,1	64,8,1	48,8,1	48,8,1	104,8,1	120,8,1	80,8,1	80,8,1	96,8,1	104,8,1	104,8,1	104,8,1	96,8,1	128,8,1	96,8,1	96,8,1	96,8,1	80,8,1	96,8,1	80,8,1	96,8,1	112,8,1	112,8,1	96,8,1	80,8,1	96,8,1	112,8,1	96,8,1	48,8,1	112,8,1	112,8,1	112,8,1
DiÖu D­¬ng ThiŞn Quang Tô TiÔn	80,8,1	64,8,1	64,8,1	96,8,1	64,8,1	64,8,1	96,8,1	96,8,1	96,8,1	96,8,1	96,8,1	96,8,1	96,8,1	96,8,1	96,8,1	96,8,1	64,8,1	64,8,1	48,8,1	48,8,1	104,8,1	120,8,1	80,8,1	80,8,1	96,8,1	104,8,1	104,8,1	104,8,1	96,8,1	128,8,1	96,8,1	96,8,1	96,8,1	80,8,1	96,8,1	80,8,1	96,8,1	112,8,1	112,8,1	96,8,1	80,8,1	96,8,1	112,8,1	96,8,1	48,8,1	112,8,1	112,8,1	112,8,1
DiÖu D­¬ng S©m Hoang Phi TiŞu	80,8,1	64,8,1	64,8,1	96,8,1	64,8,1	64,8,1	96,8,1	96,8,1	96,8,1	96,8,1	96,8,1	96,8,1	96,8,1	96,8,1	96,8,1	96,8,1	64,8,1	64,8,1	48,8,1	48,8,1	104,8,1	120,8,1	80,8,1	80,8,1	96,8,1	104,8,1	104,8,1	104,8,1	96,8,1	128,8,1	96,8,1	96,8,1	96,8,1	80,8,1	96,8,1	80,8,1	96,8,1	112,8,1	112,8,1	96,8,1	80,8,1	96,8,1	112,8,1	96,8,1	48,8,1	112,8,1	112,8,1	112,8,1
DiÖu D­¬ng §ĺng Cőu TriŇn Thń	80,8,1	64,8,1	64,8,1	96,8,1	64,8,1	64,8,1	96,8,1	96,8,1	96,8,1	96,8,1	96,8,1	96,8,1	96,8,1	96,8,1	96,8,1	96,8,1	64,8,1	64,8,1	48,8,1	48,8,1	104,8,1	120,8,1	80,8,1	80,8,1	96,8,1	104,8,1	104,8,1	104,8,1	96,8,1	128,8,1	96,8,1	96,8,1	96,8,1	80,8,1	96,8,1	80,8,1	96,8,1	112,8,1	112,8,1	96,8,1	80,8,1	96,8,1	112,8,1	96,8,1	48,8,1	112,8,1	112,8,1	112,8,1
DiÖu D­¬ng §Ţch Kh¸i Tr­îng	80,8,1	64,8,1			64,8,1					96,8,1					96,8,1				48,8,1				80,8,1					104,8,1	96,8,1						96,8,1				112,8,1	96,8,1	80,8,1	96,8,1	112,8,1	96,8,1	48,8,1	112,8,1	112,8,1	112,8,1
DiÖu D­¬ng Ma S¸t Th­¬ng	80,8,1	64,8,1			64,8,1					96,8,1					96,8,1				48,8,1				80,8,1					104,8,1	96,8,1						96,8,1				112,8,1	96,8,1	80,8,1	96,8,1	112,8,1	96,8,1	48,8,1	112,8,1	112,8,1	112,8,1
DiÖu D­¬ng Ma Hoµng B¶o §ao	80,8,1	64,8,1		96,8,1					96,8,1					96,8,1				64,8,1				120,8,1				104,8,1	104,8,1							80,8,1					112,8,1	96,8,1	80,8,1	96,8,1	112,8,1	96,8,1	48,8,1	112,8,1	112,8,1	112,8,1
DiÖu D­¬ng L¨ng Nhąc ThÇn KiŐm	80,8,1	64,8,1		96,8,1					96,8,1					96,8,1				64,8,1				120,8,1				104,8,1	104,8,1							80,8,1					112,8,1	96,8,1	80,8,1	96,8,1	112,8,1	96,8,1	48,8,1	112,8,1	112,8,1	112,8,1
DiÖu D­¬ng CËp Phong ThÇn KiŐm	80,8,1	64,8,1		96,8,1					96,8,1					96,8,1				64,8,1				120,8,1				104,8,1	104,8,1							80,8,1					112,8,1	96,8,1	80,8,1	96,8,1	112,8,1	96,8,1	48,8,1	112,8,1	112,8,1	112,8,1
DiÖu D­¬ng S­¬ng Tinh B¶o §ao	80,8,1	64,8,1		96,8,1					96,8,1					96,8,1				64,8,1				120,8,1				104,8,1	104,8,1							80,8,1					112,8,1	96,8,1	80,8,1	96,8,1	112,8,1	96,8,1	48,8,1	112,8,1	112,8,1	112,8,1
DiÖu D­¬ng L«i Khung ThÇn KiŐm	80,8,1	64,8,1		96,8,1					96,8,1					96,8,1				64,8,1				120,8,1				104,8,1	104,8,1							80,8,1					112,8,1	96,8,1	80,8,1	96,8,1	112,8,1	96,8,1	48,8,1	112,8,1	112,8,1	112,8,1
DiÖu D­¬ng Phď V©n KiŐm	80,8,1	64,8,1		96,8,1					96,8,1					96,8,1				64,8,1				120,8,1				104,8,1	104,8,1							80,8,1					112,8,1	96,8,1	80,8,1	96,8,1	112,8,1	96,8,1	48,8,1	112,8,1	112,8,1	112,8,1
DiÖu D­¬ng Xung V©n KiŐm	80,8,1	64,8,1		96,8,1					96,8,1					96,8,1				64,8,1				120,8,1				104,8,1	104,8,1							80,8,1					112,8,1	96,8,1	80,8,1	96,8,1	112,8,1	96,8,1	48,8,1	112,8,1	112,8,1	112,8,1
null																																																
